best: 0 gamma: 0.001 temp: 0.4 energy: -2985
    1  9[6]     8     3     5     2     7     9     4 
    7     4     9     1     6     8     3     2     5 
    3     5     2     7  9[4] -1[9]     1     8     6 
    9     7     6     8     1     5     2     4     3 
    8     1     5     2     3     4     9     6     7 
    2  0[3]     4  7[9]     7     6     8     5     1 
    6     9     1     5     8     3     4     7     2 
    5     8     3     4     2     7     6     1     9 
    4     2     7     6     9     1     5     3     8 
Unsolved: 1 Multiple: 1 WA: 5

best: 579 gamma: 0.0009421 temp: 0.385525 energy: -2988
    1  6(V)     8     3     5     2     7     9     4 
    7     4     9     1     6     8     3     2     5 
    3     5     2     7 -1[4] -1[9]     1     8     6 
    9     7     6     8     1     5     2     4     3 
    8     1     5     2     3     4     9     6     7 
    2 -1[3]     4  9(V)     7     6     8     5     1 
    6     9     1     5     8     3     4     7     2 
    5     8     3     4     2     7     6     1     9 
    4     2     7     6     9     1     5     3     8 
Unsolved: 0 Multiple: 3 WA: 3

best: 1247 gamma: 0.0008753 temp: 0.368825 energy: -2991
    1  3[6]     8     3     5     2     7     9     4 
    7     4     9     1     6     8     3     2     5 
    3     5     2     7  4(V)  9(V)     1     8     6 
    9     7     6     8     1     5     2     4     3 
    8     1     5     2     3     4     9     6     7 
    2 -1[3]     4  9(V)     7     6     8     5     1 
    6     9     1     5     8     3     4     7     2 
    5     8     3     4     2     7     6     1     9 
    4     2     7     6     9     1     5     3     8 
Unsolved: 0 Multiple: 1 WA: 2

best: 1477 gamma: 0.0008523 temp: 0.363075 energy: -2992
    1  6(V)     8     3     5     2     7     9     4 
    7     4     9     1     6     8     3     2     5 
    3     5     2     7  4(V)  9(V)     1     8     6 
    9     7     6     8     1     5     2     4     3 
    8     1     5     2     3     4     9     6     7 
    2 -1[3]     4  6[9]     7     6     8     5     1 
    6     9     1     5     8     3     4     7     2 
    5     8     3     4     2     7     6     1     9 
    4     2     7     6     9     1     5     3     8 
Unsolved: 0 Multiple: 1 WA: 2

best: 2311 gamma: 0.0007689 temp: 0.342225 energy: -2995
    1  6(V)     8     3     5     2     7     9     4 
    7     4     9     1     6     8     3     2     5 
    3     5     2     7  6[4]  9(V)     1     8     6 
    9     7     6     8     1     5     2     4     3 
    8     1     5     2     3     4     9     6     7 
    2  3(V)     4  9(V)     7     6     8     5     1 
    6     9     1     5     8     3     4     7     2 
    5     8     3     4     2     7     6     1     9 
    4     2     7     6     9     1     5     3     8 
Unsolved: 0 Multiple: 0 WA: 1

best: 3163 gamma: 0.0006837 temp: 0.320925 energy: -2996
    1  0[6]     8     3     5     2     7     9     4 
    7     4     9     1     6     8     3     2     5 
    3     5     2     7  4(V)  9(V)     1     8     6 
    9     7     6     8     1     5     2     4     3 
    8     1     5     2     3     4     9     6     7 
    2  3(V)     4  9(V)     7     6     8     5     1 
    6     9     1     5     8     3     4     7     2 
    5     8     3     4     2     7     6     1     9 
    4     2     7     6     9     1     5     3     8 
Unsolved: 1 Multiple: 0 WA: 1

best: 4038 gamma: 0.0005962 temp: 0.29905 energy: -2997
    1  6(V)     8     3     5     2     7     9     4 
    7     4     9     1     6     8     3     2     5 
    3     5     2     7  4(V)  9(V)     1     8     6 
    9     7     6     8     1     5     2     4     3 
    8     1     5     2     3     4     9     6     7 
    2  3(V)     4  9(V)     7     6     8     5     1 
    6     9     1     5     8     3     4     7     2 
    5     8     3     4     2     7     6     1     9 
    4     2     7     6     9     1     5     3     8 
Unsolved: 0 Multiple: 0 WA: 0

