0.0 -25.0 0.0 0.0 -12.5 12.5 18.75 -12.5 0.0 0.0 -12.5 12.5 18.75 -12.5 18.75 -12.5 0.0 0.0 
-25.0 0.0 0.0 0.0 18.75 -12.5 -12.5 12.5 0.0 0.0 18.75 -12.5 -12.5 12.5 -12.5 12.5 0.0 0.0 
0.0 0.0 0.0 -25.0 0.0 0.0 0.0 0.0 18.75 -12.5 -12.5 18.75 -12.5 18.75 12.5 -12.5 -12.5 12.5 
0.0 0.0 -25.0 0.0 0.0 0.0 0.0 0.0 -12.5 12.5 12.5 -12.5 12.5 -12.5 -12.5 18.75 18.75 -12.5 
-12.5 18.75 0.0 0.0 0.0 -25.0 12.5 -12.5 12.5 -12.5 18.75 -12.5 0.0 0.0 0.0 0.0 12.5 -12.5 
12.5 -12.5 0.0 0.0 -25.0 0.0 -12.5 18.75 -12.5 18.75 -12.5 12.5 0.0 0.0 0.0 0.0 -12.5 18.75 
18.75 -12.5 0.0 0.0 12.5 -12.5 0.0 -25.0 12.5 -12.5 0.0 0.0 18.75 -12.5 18.75 -12.5 12.5 -12.5 
-12.5 12.5 0.0 0.0 -12.5 18.75 -25.0 0.0 -12.5 18.75 0.0 0.0 -12.5 12.5 -12.5 12.5 -12.5 18.75 
0.0 0.0 18.75 -12.5 12.5 -12.5 12.5 -12.5 0.0 -25.0 -12.5 18.75 -12.5 18.75 0.0 0.0 12.5 -12.5 
0.0 0.0 -12.5 12.5 -12.5 18.75 -12.5 18.75 -25.0 0.0 12.5 -12.5 12.5 -12.5 0.0 0.0 -12.5 18.75 
-12.5 18.75 -12.5 12.5 18.75 -12.5 0.0 0.0 -12.5 12.5 0.0 -25.0 12.5 -12.5 0.0 0.0 0.0 0.0 
12.5 -12.5 18.75 -12.5 -12.5 12.5 0.0 0.0 18.75 -12.5 -25.0 0.0 -12.5 18.75 0.0 0.0 0.0 0.0 
18.75 -12.5 -12.5 12.5 0.0 0.0 18.75 -12.5 -12.5 12.5 12.5 -12.5 0.0 -25.0 18.75 -12.5 0.0 0.0 
-12.5 12.5 18.75 -12.5 0.0 0.0 -12.5 12.5 18.75 -12.5 -12.5 18.75 -25.0 0.0 -12.5 12.5 0.0 0.0 
18.75 -12.5 12.5 -12.5 0.0 0.0 18.75 -12.5 0.0 0.0 0.0 0.0 18.75 -12.5 0.0 -25.0 -12.5 12.5 
-12.5 12.5 -12.5 18.75 0.0 0.0 -12.5 12.5 0.0 0.0 0.0 0.0 -12.5 12.5 -25.0 0.0 18.75 -12.5 
0.0 0.0 -12.5 18.75 12.5 -12.5 12.5 -12.5 12.5 -12.5 0.0 0.0 0.0 0.0 -12.5 18.75 0.0 -25.0 
0.0 0.0 12.5 -12.5 -12.5 18.75 -12.5 18.75 -12.5 18.75 0.0 0.0 0.0 0.0 12.5 -12.5 -25.0 0.0 