best: 0 gamma: 8e-09 temp: 0.22 energy: -2730
-1[1]     6     8     3 -1[5]     2     7     9     4 
    7     4 -1[9] -1[1]     6     8     3 -1[2]     5 
    3     5 -1[2]     7 -1[4]     9     1     8     6 
    9     7     6     8     1     5     2     4     3 
-1[8]     1     5     2     3     4     9     6     7 
    2     3     4     9 -1[7] -1[6]     8 -1[5]     1 
    6     9     1     5     8     3     4 -1[7]     2 
    5     8     3     4     2     7     6     1 -1[9] 
    4     2     7 -1[6]     9     1 -1[5]     3     8 
Unsolved: 0 Multiple: 15 WA: 15

best: 1338 gamma: 7.4648e-09 temp: 0.208627 energy: -2733
-1[1]     6     8     3 -1[5]     2     7     9     4 
    7     4 -1[9] -1[1]     6     8     3 -1[2]     5 
    3     5 -1[2]     7 -1[4]     9     1     8     6 
    9     7     6     8     1     5     2     4     3 
-1[8]     1     5     2     3     4     9     6     7 
    2     3     4     9 -1[7] -1[6]     8 -1[5]     1 
    6     9     1     5     8     3     4 -1[7]     2 
    5     8     3     4     2     7     6     1 -1[9] 
    4     2     7 -1[6]     9     1 -1[5]     3     8 
Unsolved: 0 Multiple: 15 WA: 15

best: 1763 gamma: 7.2948e-09 temp: 0.205015 energy: -2734
-1[1]     6     8     3 -1[5]     2     7     9     4 
    7     4 -1[9] -1[1]     6     8     3 -1[2]     5 
    3     5 -1[2]     7 -1[4]     9     1     8     6 
    9     7     6     8     1     5     2     4     3 
-1[8]     1     5     2     3     4     9     6     7 
    2     3     4     9 -1[7] -1[6]     8 -1[5]     1 
    6     9     1     5     8     3     4 -1[7]     2 
    5     8     3     4     2     7     6     1 -1[9] 
    4     2     7 -1[6]     9     1 -1[5]     3     8 
Unsolved: 0 Multiple: 15 WA: 15

best: 2188 gamma: 7.1248e-09 temp: 0.201402 energy: -2738
-1[1]     6     8     3 -1[5]     2     7     9     4 
    7     4 -1[9] -1[1]     6     8     3 -1[2]     5 
    3     5 -1[2]     7 -1[4]     9     1     8     6 
    9     7     6     8     1     5     2     4     3 
-1[8]     1     5     2     3     4     9     6     7 
    2     3     4     9 -1[7] -1[6]     8 -1[5]     1 
    6     9     1     5     8     3     4 -1[7]     2 
    5     8     3     4     2     7     6     1 -1[9] 
    4     2     7 -1[6]     9     1 -1[5]     3     8 
Unsolved: 0 Multiple: 15 WA: 15

best: 2374 gamma: 7.0504e-09 temp: 0.199821 energy: -2740
-1[1]     6     8     3 -1[5]     2     7     9     4 
    7     4 -1[9] -1[1]     6     8     3 -1[2]     5 
    3     5 -1[2]     7 -1[4]     9     1     8     6 
    9     7     6     8     1     5     2     4     3 
-1[8]     1     5     2     3     4     9     6     7 
    2     3     4     9 -1[7] -1[6]     8 -1[5]     1 
    6     9     1     5     8     3     4 -1[7]     2 
    5     8     3     4     2     7     6     1 -1[9] 
    4     2     7 -1[6]     9     1 -1[5]     3     8 
Unsolved: 0 Multiple: 15 WA: 15

best: 2427 gamma: 7.0292e-09 temp: 0.199371 energy: -2743
-1[1]     6     8     3 -1[5]     2     7     9     4 
    7     4 -1[9] -1[1]     6     8     3 -1[2]     5 
    3     5 -1[2]     7 -1[4]     9     1     8     6 
    9     7     6     8     1     5     2     4     3 
-1[8]     1     5     2     3     4     9     6     7 
    2     3     4     9 -1[7] -1[6]     8 -1[5]     1 
    6     9     1     5     8     3     4 -1[7]     2 
    5     8     3     4     2     7     6     1 -1[9] 
    4     2     7 -1[6]     9     1 -1[5]     3     8 
Unsolved: 0 Multiple: 15 WA: 15

best: 2490 gamma: 7.004e-09 temp: 0.198835 energy: -2753
-1[1]     6     8     3 -1[5]     2     7     9     4 
    7     4 -1[9] -1[1]     6     8     3 -1[2]     5 
    3     5 -1[2]     7 -1[4]     9     1     8     6 
    9     7     6     8     1     5     2     4     3 
-1[8]     1     5     2     3     4     9     6     7 
    2     3     4     9 -1[7] -1[6]     8 -1[5]     1 
    6     9     1     5     8     3     4 -1[7]     2 
    5     8     3     4     2     7     6     1 -1[9] 
    4     2     7 -1[6]     9     1 -1[5]     3     8 
Unsolved: 0 Multiple: 15 WA: 15

best: 2620 gamma: 6.952e-09 temp: 0.19773 energy: -2755
-1[1]     6     8     3 -1[5]     2     7     9     4 
    7     4 -1[9] -1[1]     6     8     3 -1[2]     5 
    3     5 -1[2]     7 -1[4]     9     1     8     6 
    9     7     6     8     1     5     2     4     3 
-1[8]     1     5     2     3     4     9     6     7 
    2     3     4     9 -1[7] -1[6]     8 -1[5]     1 
    6     9     1     5     8     3     4 -1[7]     2 
    5     8     3     4     2     7     6     1 -1[9] 
    4     2     7 -1[6]     9     1 -1[5]     3     8 
Unsolved: 0 Multiple: 15 WA: 15

best: 2791 gamma: 6.8836e-09 temp: 0.196277 energy: -2758
-1[1]     6     8     3 -1[5]     2     7     9     4 
    7     4 -1[9] -1[1]     6     8     3 -1[2]     5 
    3     5 -1[2]     7 -1[4]     9     1     8     6 
    9     7     6     8     1     5     2     4     3 
-1[8]     1     5     2     3     4     9     6     7 
    2     3     4     9 -1[7] -1[6]     8 -1[5]     1 
    6     9     1     5     8     3     4 -1[7]     2 
    5     8     3     4     2     7     6     1 -1[9] 
    4     2     7 -1[6]     9     1 -1[5]     3     8 
Unsolved: 0 Multiple: 15 WA: 15

best: 3148 gamma: 6.7408e-09 temp: 0.193242 energy: -2761
-1[1]     6     8     3 -1[5]     2     7     9     4 
    7     4 -1[9] -1[1]     6     8     3 -1[2]     5 
    3     5 -1[2]     7 -1[4]     9     1     8     6 
    9     7     6     8     1     5     2     4     3 
-1[8]     1     5     2     3     4     9     6     7 
    2     3     4     9 -1[7] -1[6]     8 -1[5]     1 
    6     9     1     5     8     3     4 -1[7]     2 
    5     8     3     4     2     7     6     1 -1[9] 
    4     2     7 -1[6]     9     1 -1[5]     3     8 
Unsolved: 0 Multiple: 15 WA: 15

best: 3189 gamma: 6.7244e-09 temp: 0.192894 energy: -2770
-1[1]     6     8     3 -1[5]     2     7     9     4 
    7     4 -1[9] -1[1]     6     8     3 -1[2]     5 
    3     5 -1[2]     7 -1[4]     9     1     8     6 
    9     7     6     8     1     5     2     4     3 
-1[8]     1     5     2     3     4     9     6     7 
    2     3     4     9 -1[7] -1[6]     8 -1[5]     1 
    6     9     1     5     8     3     4 -1[7]     2 
    5     8     3     4     2     7     6     1 -1[9] 
    4     2     7 -1[6]     9     1 -1[5]     3     8 
Unsolved: 0 Multiple: 15 WA: 15

best: 3524 gamma: 6.5904e-09 temp: 0.190046 energy: -2772
-1[1]     6     8     3 -1[5]     2     7     9     4 
    7     4 -1[9] -1[1]     6     8     3 -1[2]     5 
    3     5 -1[2]     7 -1[4]     9     1     8     6 
    9     7     6     8     1     5     2     4     3 
-1[8]     1     5     2     3     4     9     6     7 
    2     3     4     9 -1[7] -1[6]     8 -1[5]     1 
    6     9     1     5     8     3     4 -1[7]     2 
    5     8     3     4     2     7     6     1 -1[9] 
    4     2     7 -1[6]     9     1 -1[5]     3     8 
Unsolved: 0 Multiple: 15 WA: 15

best: 3559 gamma: 6.5764e-09 temp: 0.189749 energy: -2778
-1[1]     6     8     3 -1[5]     2     7     9     4 
    7     4 -1[9] -1[1]     6     8     3 -1[2]     5 
    3     5 -1[2]     7 -1[4]     9     1     8     6 
    9     7     6     8     1     5     2     4     3 
-1[8]     1     5     2     3     4     9     6     7 
    2     3     4     9 -1[7] -1[6]     8 -1[5]     1 
    6     9     1     5     8     3     4 -1[7]     2 
    5     8     3     4     2     7     6     1 -1[9] 
    4     2     7 -1[6]     9     1 -1[5]     3     8 
Unsolved: 0 Multiple: 15 WA: 15

best: 3721 gamma: 6.5116e-09 temp: 0.188372 energy: -2797
-1[1]     6     8     3 -1[5]     2     7     9     4 
    7     4 -1[9] -1[1]     6     8     3 -1[2]     5 
    3     5 -1[2]     7 -1[4]     9     1     8     6 
    9     7     6     8     1     5     2     4     3 
-1[8]     1     5     2     3     4     9     6     7 
    2     3     4     9 -1[7] -1[6]     8 -1[5]     1 
    6     9     1     5     8     3     4 -1[7]     2 
    5     8     3     4     2     7     6     1 -1[9] 
    4     2     7 -1[6]     9     1 -1[5]     3     8 
Unsolved: 0 Multiple: 15 WA: 15

best: 3755 gamma: 6.498e-09 temp: 0.188083 energy: -2801
-1[1]     6     8     3 -1[5]     2     7     9     4 
    7     4 -1[9] -1[1]     6     8     3 -1[2]     5 
    3     5 -1[2]     7 -1[4]     9     1     8     6 
    9     7     6     8     1     5     2     4     3 
-1[8]     1     5     2     3     4     9     6     7 
    2     3     4     9 -1[7] -1[6]     8 -1[5]     1 
    6     9     1     5     8     3     4 -1[7]     2 
    5     8     3     4     2     7     6     1 -1[9] 
    4     2     7 -1[6]     9     1 -1[5]     3     8 
Unsolved: 0 Multiple: 15 WA: 15

best: 4208 gamma: 6.3168e-09 temp: 0.184232 energy: -2806
-1[1]     6     8     3 -1[5]     2     7     9     4 
    7     4 -1[9] -1[1]     6     8     3 -1[2]     5 
    3     5 -1[2]     7 -1[4]     9     1     8     6 
    9     7     6     8     1     5     2     4     3 
-1[8]     1     5     2     3     4     9     6     7 
    2     3     4     9 -1[7] -1[6]     8 -1[5]     1 
    6     9     1     5     8     3     4 -1[7]     2 
    5     8     3     4     2     7     6     1 -1[9] 
    4     2     7 -1[6]     9     1 -1[5]     3     8 
Unsolved: 0 Multiple: 15 WA: 15

best: 4313 gamma: 6.2748e-09 temp: 0.18334 energy: -2810
-1[1]     6     8     3 -1[5]     2     7     9     4 
    7     4 -1[9] -1[1]     6     8     3 -1[2]     5 
    3     5 -1[2]     7 -1[4]     9     1     8     6 
    9     7     6     8     1     5     2     4     3 
-1[8]     1     5     2     3     4     9     6     7 
    2     3     4     9 -1[7] -1[6]     8 -1[5]     1 
    6     9     1     5     8     3     4 -1[7]     2 
    5     8     3     4     2     7     6     1 -1[9] 
    4     2     7 -1[6]     9     1 -1[5]     3     8 
Unsolved: 0 Multiple: 15 WA: 15

best: 4369 gamma: 6.2524e-09 temp: 0.182864 energy: -2815
-1[1]     6     8     3 -1[5]     2     7     9     4 
    7     4 -1[9] -1[1]     6     8     3 -1[2]     5 
    3     5 -1[2]     7 -1[4]     9     1     8     6 
    9     7     6     8     1     5     2     4     3 
-1[8]     1     5     2     3     4     9     6     7 
    2     3     4     9 -1[7] -1[6]     8 -1[5]     1 
    6     9     1     5     8     3     4 -1[7]     2 
    5     8     3     4     2     7     6     1 -1[9] 
    4     2     7 -1[6]     9     1 -1[5]     3     8 
Unsolved: 0 Multiple: 15 WA: 15

best: 4427 gamma: 6.2292e-09 temp: 0.182371 energy: -2819
-1[1]     6     8     3 -1[5]     2     7     9     4 
    7     4 -1[9] -1[1]     6     8     3 -1[2]     5 
    3     5 -1[2]     7 -1[4]     9     1     8     6 
    9     7     6     8     1     5     2     4     3 
-1[8]     1     5     2     3     4     9     6     7 
    2     3     4     9 -1[7] -1[6]     8 -1[5]     1 
    6     9     1     5     8     3     4 -1[7]     2 
    5     8     3     4     2     7     6     1 -1[9] 
    4     2     7 -1[6]     9     1 -1[5]     3     8 
Unsolved: 0 Multiple: 15 WA: 15

best: 4623 gamma: 6.1508e-09 temp: 0.180705 energy: -2822
-1[1]     6     8     3 -1[5]     2     7     9     4 
    7     4 -1[9] -1[1]     6     8     3 -1[2]     5 
    3     5 -1[2]     7 -1[4]     9     1     8     6 
    9     7     6     8     1     5     2     4     3 
-1[8]     1     5     2     3     4     9     6     7 
    2     3     4     9 -1[7] -1[6]     8 -1[5]     1 
    6     9     1     5     8     3     4 -1[7]     2 
    5     8     3     4     2     7     6     1 -1[9] 
    4     2     7 -1[6]     9     1 -1[5]     3     8 
Unsolved: 0 Multiple: 15 WA: 15

best: 4650 gamma: 6.14e-09 temp: 0.180475 energy: -2823
-1[1]     6     8     3 -1[5]     2     7     9     4 
    7     4 -1[9] -1[1]     6     8     3 -1[2]     5 
    3     5 -1[2]     7 -1[4]     9     1     8     6 
    9     7     6     8     1     5     2     4     3 
-1[8]     1     5     2     3     4     9     6     7 
    2     3     4     9 -1[7] -1[6]     8 -1[5]     1 
    6     9     1     5     8     3     4 -1[7]     2 
    5     8     3     4     2     7     6     1 -1[9] 
    4     2     7 -1[6]     9     1 -1[5]     3     8 
Unsolved: 0 Multiple: 15 WA: 15

best: 4687 gamma: 6.1252e-09 temp: 0.180161 energy: -2827
-1[1]     6     8     3 -1[5]     2     7     9     4 
    7     4 -1[9] -1[1]     6     8     3 -1[2]     5 
    3     5 -1[2]     7 -1[4]     9     1     8     6 
    9     7     6     8     1     5     2     4     3 
-1[8]     1     5     2     3     4     9     6     7 
    2     3     4     9 -1[7] -1[6]     8 -1[5]     1 
    6     9     1     5     8     3     4 -1[7]     2 
    5     8     3     4     2     7     6     1 -1[9] 
    4     2     7 -1[6]     9     1 -1[5]     3     8 
Unsolved: 0 Multiple: 15 WA: 15

best: 4737 gamma: 6.1052e-09 temp: 0.179736 energy: -2831
-1[1]     6     8     3 -1[5]     2     7     9     4 
    7     4 -1[9] -1[1]     6     8     3 -1[2]     5 
    3     5 -1[2]     7 -1[4]     9     1     8     6 
    9     7     6     8     1     5     2     4     3 
-1[8]     1     5     2     3     4     9     6     7 
    2     3     4     9 -1[7] -1[6]     8 -1[5]     1 
    6     9     1     5     8     3     4 -1[7]     2 
    5     8     3     4     2     7     6     1 -1[9] 
    4     2     7 -1[6]     9     1 -1[5]     3     8 
Unsolved: 0 Multiple: 15 WA: 15

best: 4776 gamma: 6.0896e-09 temp: 0.179404 energy: -2832
-1[1]     6     8     3 -1[5]     2     7     9     4 
    7     4 -1[9] -1[1]     6     8     3 -1[2]     5 
    3     5 -1[2]     7 -1[4]     9     1     8     6 
    9     7     6     8     1     5     2     4     3 
-1[8]     1     5     2     3     4     9     6     7 
    2     3     4     9 -1[7] -1[6]     8 -1[5]     1 
    6     9     1     5     8     3     4 -1[7]     2 
    5     8     3     4     2     7     6     1 -1[9] 
    4     2     7 -1[6]     9     1 -1[5]     3     8 
Unsolved: 0 Multiple: 15 WA: 15

best: 4778 gamma: 6.0888e-09 temp: 0.179387 energy: -2844
-1[1]     6     8     3 -1[5]     2     7     9     4 
    7     4 -1[9] -1[1]     6     8     3 -1[2]     5 
    3     5 -1[2]     7 -1[4]     9     1     8     6 
    9     7     6     8     1     5     2     4     3 
-1[8]     1     5     2     3     4     9     6     7 
    2     3     4     9 -1[7] -1[6]     8 -1[5]     1 
    6     9     1     5     8     3     4 -1[7]     2 
    5     8     3     4     2     7     6     1 -1[9] 
    4     2     7 -1[6]     9     1 -1[5]     3     8 
Unsolved: 0 Multiple: 15 WA: 15

best: 5164 gamma: 5.9344e-09 temp: 0.176106 energy: -2852
-1[1]     6     8     3 -1[5]     2     7     9     4 
    7     4 -1[9] -1[1]     6     8     3 -1[2]     5 
    3     5 -1[2]     7 -1[4]     9     1     8     6 
    9     7     6     8     1     5     2     4     3 
-1[8]     1     5     2     3     4     9     6     7 
    2     3     4     9 -1[7] -1[6]     8 -1[5]     1 
    6     9     1     5     8     3     4 -1[7]     2 
    5     8     3     4     2     7     6     1 -1[9] 
    4     2     7 -1[6]     9     1 -1[5]     3     8 
Unsolved: 0 Multiple: 15 WA: 15

best: 5329 gamma: 5.8684e-09 temp: 0.174704 energy: -2855
-1[1]     6     8     3 -1[5]     2     7     9     4 
    7     4 -1[9] -1[1]     6     8     3 -1[2]     5 
    3     5 -1[2]     7 -1[4]     9     1     8     6 
    9     7     6     8     1     5     2     4     3 
-1[8]     1     5     2     3     4     9     6     7 
    2     3     4     9 -1[7] -1[6]     8 -1[5]     1 
    6     9     1     5     8     3     4 -1[7]     2 
    5     8     3     4     2     7     6     1 -1[9] 
    4     2     7 -1[6]     9     1 -1[5]     3     8 
Unsolved: 0 Multiple: 15 WA: 15

best: 5540 gamma: 5.784e-09 temp: 0.17291 energy: -2859
-1[1]     6     8     3 -1[5]     2     7     9     4 
    7     4 -1[9] -1[1]     6     8     3 -1[2]     5 
    3     5 -1[2]     7 -1[4]     9     1     8     6 
    9     7     6     8     1     5     2     4     3 
-1[8]     1     5     2     3     4     9     6     7 
    2     3     4     9 -1[7] -1[6]     8 -1[5]     1 
    6     9     1     5     8     3     4 -1[7]     2 
    5     8     3     4     2     7     6     1 -1[9] 
    4     2     7 -1[6]     9     1 -1[5]     3     8 
Unsolved: 0 Multiple: 15 WA: 15

best: 5567 gamma: 5.7732e-09 temp: 0.172681 energy: -2861
-1[1]     6     8     3 -1[5]     2     7     9     4 
    7     4 -1[9] -1[1]     6     8     3 -1[2]     5 
    3     5 -1[2]     7 -1[4]     9     1     8     6 
    9     7     6     8     1     5     2     4     3 
-1[8]     1     5     2     3     4     9     6     7 
    2     3     4     9 -1[7] -1[6]     8 -1[5]     1 
    6     9     1     5     8     3     4 -1[7]     2 
    5     8     3     4     2     7     6     1 -1[9] 
    4     2     7 -1[6]     9     1 -1[5]     3     8 
Unsolved: 0 Multiple: 15 WA: 15

best: 5589 gamma: 5.7644e-09 temp: 0.172494 energy: -2865
-1[1]     6     8     3 -1[5]     2     7     9     4 
    7     4 -1[9] -1[1]     6     8     3 -1[2]     5 
    3     5 -1[2]     7 -1[4]     9     1     8     6 
    9     7     6     8     1     5     2     4     3 
-1[8]     1     5     2     3     4     9     6     7 
    2     3     4     9 -1[7] -1[6]     8 -1[5]     1 
    6     9     1     5     8     3     4 -1[7]     2 
    5     8     3     4     2     7     6     1 -1[9] 
    4     2     7 -1[6]     9     1 -1[5]     3     8 
Unsolved: 0 Multiple: 15 WA: 15

best: 5751 gamma: 5.6996e-09 temp: 0.171117 energy: -2869
-1[1]     6     8     3 -1[5]     2     7     9     4 
    7     4 -1[9] -1[1]     6     8     3 -1[2]     5 
    3     5 -1[2]     7 -1[4]     9     1     8     6 
    9     7     6     8     1     5     2     4     3 
-1[8]     1     5     2     3     4     9     6     7 
    2     3     4     9 -1[7] -1[6]     8 -1[5]     1 
    6     9     1     5     8     3     4 -1[7]     2 
    5     8     3     4     2     7     6     1 -1[9] 
    4     2     7 -1[6]     9     1 -1[5]     3     8 
Unsolved: 0 Multiple: 15 WA: 15

best: 5950 gamma: 5.62e-09 temp: 0.169425 energy: -2872
-1[1]     6     8     3 -1[5]     2     7     9     4 
    7     4 -1[9] -1[1]     6     8     3 -1[2]     5 
    3     5 -1[2]     7 -1[4]     9     1     8     6 
    9     7     6     8     1     5     2     4     3 
-1[8]     1     5     2     3     4     9     6     7 
    2     3     4     9 -1[7] -1[6]     8 -1[5]     1 
    6     9     1     5     8     3     4 -1[7]     2 
    5     8     3     4     2     7     6     1 -1[9] 
    4     2     7 -1[6]     9     1 -1[5]     3     8 
Unsolved: 0 Multiple: 15 WA: 15

best: 6009 gamma: 5.5964e-09 temp: 0.168924 energy: -2873
-1[1]     6     8     3 -1[5]     2     7     9     4 
    7     4 -1[9] -1[1]     6     8     3 -1[2]     5 
    3     5 -1[2]     7 -1[4]     9     1     8     6 
    9     7     6     8     1     5     2     4     3 
-1[8]     1     5     2     3     4     9     6     7 
    2     3     4     9 -1[7] -1[6]     8 -1[5]     1 
    6     9     1     5     8     3     4 -1[7]     2 
    5     8     3     4     2     7     6     1 -1[9] 
    4     2     7 -1[6]     9     1 -1[5]     3     8 
Unsolved: 0 Multiple: 15 WA: 15

best: 6011 gamma: 5.5956e-09 temp: 0.168907 energy: -2875
-1[1]     6     8     3 -1[5]     2     7     9     4 
    7     4 -1[9] -1[1]     6     8     3 -1[2]     5 
    3     5 -1[2]     7 -1[4]     9     1     8     6 
    9     7     6     8     1     5     2     4     3 
-1[8]     1     5     2     3     4     9     6     7 
    2     3     4     9 -1[7] -1[6]     8 -1[5]     1 
    6     9     1     5     8     3     4 -1[7]     2 
    5     8     3     4     2     7     6     1 -1[9] 
    4     2     7 -1[6]     9     1 -1[5]     3     8 
Unsolved: 0 Multiple: 15 WA: 15

best: 6070 gamma: 5.572e-09 temp: 0.168405 energy: -2876
-1[1]     6     8     3 -1[5]     2     7     9     4 
    7     4 -1[9] -1[1]     6     8     3 -1[2]     5 
    3     5 -1[2]     7 -1[4]     9     1     8     6 
    9     7     6     8     1     5     2     4     3 
-1[8]     1     5     2     3     4     9     6     7 
    2     3     4     9 -1[7] -1[6]     8 -1[5]     1 
    6     9     1     5     8     3     4 -1[7]     2 
    5     8     3     4     2     7     6     1 -1[9] 
    4     2     7 -1[6]     9     1 -1[5]     3     8 
Unsolved: 0 Multiple: 15 WA: 15

best: 6125 gamma: 5.55e-09 temp: 0.167938 energy: -2878
-1[1]     6     8     3 -1[5]     2     7     9     4 
    7     4 -1[9] -1[1]     6     8     3 -1[2]     5 
    3     5 -1[2]     7 -1[4]     9     1     8     6 
    9     7     6     8     1     5     2     4     3 
-1[8]     1     5     2     3     4     9     6     7 
    2     3     4     9 -1[7] -1[6]     8 -1[5]     1 
    6     9     1     5     8     3     4 -1[7]     2 
    5     8     3     4     2     7     6     1 -1[9] 
    4     2     7 -1[6]     9     1 -1[5]     3     8 
Unsolved: 0 Multiple: 15 WA: 15

best: 6260 gamma: 5.496e-09 temp: 0.16679 energy: -2880
-1[1]     6     8     3 -1[5]     2     7     9     4 
    7     4 -1[9] -1[1]     6     8     3 -1[2]     5 
    3     5 -1[2]     7 -1[4]     9     1     8     6 
    9     7     6     8     1     5     2     4     3 
-1[8]     1     5     2     3     4     9     6     7 
    2     3     4     9 -1[7] -1[6]     8 -1[5]     1 
    6     9     1     5     8     3     4 -1[7]     2 
    5     8     3     4     2     7     6     1 -1[9] 
    4     2     7 -1[6]     9     1 -1[5]     3     8 
Unsolved: 0 Multiple: 15 WA: 15

best: 6280 gamma: 5.488e-09 temp: 0.16662 energy: -2887
-1[1]     6     8     3 -1[5]     2     7     9     4 
    7     4 -1[9] -1[1]     6     8     3 -1[2]     5 
    3     5 -1[2]     7 -1[4]     9     1     8     6 
    9     7     6     8     1     5     2     4     3 
-1[8]     1     5     2     3     4     9     6     7 
    2     3     4     9 -1[7] -1[6]     8 -1[5]     1 
    6     9     1     5     8     3     4 -1[7]     2 
    5     8     3     4     2     7     6     1 -1[9] 
    4     2     7 -1[6]     9     1 -1[5]     3     8 
Unsolved: 0 Multiple: 15 WA: 15

best: 6368 gamma: 5.4528e-09 temp: 0.165872 energy: -2897
-1[1]     6     8     3 -1[5]     2     7     9     4 
    7     4 -1[9] -1[1]     6     8     3 -1[2]     5 
    3     5 -1[2]     7 -1[4]     9     1     8     6 
    9     7     6     8     1     5     2     4     3 
-1[8]     1     5     2     3     4     9     6     7 
    2     3     4     9 -1[7] -1[6]     8 -1[5]     1 
    6     9     1     5     8     3     4 -1[7]     2 
    5     8     3     4     2     7     6     1 -1[9] 
    4     2     7 -1[6]     9     1 -1[5]     3     8 
Unsolved: 0 Multiple: 15 WA: 15

best: 6743 gamma: 5.3028e-09 temp: 0.162685 energy: -2901
-1[1]     6     8     3 -1[5]     2     7     9     4 
    7     4 -1[9] -1[1]     6     8     3 -1[2]     5 
    3     5 -1[2]     7 -1[4]     9     1     8     6 
    9     7     6     8     1     5     2     4     3 
-1[8]     1     5     2     3     4     9     6     7 
    2     3     4     9 -1[7] -1[6]     8 -1[5]     1 
    6     9     1     5     8     3     4 -1[7]     2 
    5     8     3     4     2     7     6     1 -1[9] 
    4     2     7 -1[6]     9     1 -1[5]     3     8 
Unsolved: 0 Multiple: 15 WA: 15

best: 6766 gamma: 5.2936e-09 temp: 0.162489 energy: -2904
-1[1]     6     8     3 -1[5]     2     7     9     4 
    7     4 -1[9] -1[1]     6     8     3 -1[2]     5 
    3     5 -1[2]     7 -1[4]     9     1     8     6 
    9     7     6     8     1     5     2     4     3 
-1[8]     1     5     2     3     4     9     6     7 
    2     3     4     9 -1[7] -1[6]     8 -1[5]     1 
    6     9     1     5     8     3     4 -1[7]     2 
    5     8     3     4     2     7     6     1 -1[9] 
    4     2     7 -1[6]     9     1 -1[5]     3     8 
Unsolved: 0 Multiple: 15 WA: 15

best: 6936 gamma: 5.2256e-09 temp: 0.161044 energy: -2905
-1[1]     6     8     3 -1[5]     2     7     9     4 
    7     4 -1[9] -1[1]     6     8     3 -1[2]     5 
    3     5 -1[2]     7 -1[4]     9     1     8     6 
    9     7     6     8     1     5     2     4     3 
-1[8]     1     5     2     3     4     9     6     7 
    2     3     4     9 -1[7] -1[6]     8 -1[5]     1 
    6     9     1     5     8     3     4 -1[7]     2 
    5     8     3     4     2     7     6     1 -1[9] 
    4     2     7 -1[6]     9     1 -1[5]     3     8 
Unsolved: 0 Multiple: 15 WA: 15

best: 7010 gamma: 5.196e-09 temp: 0.160415 energy: -2913
-1[1]     6     8     3 -1[5]     2     7     9     4 
    7     4 -1[9] -1[1]     6     8     3 -1[2]     5 
    3     5 -1[2]     7 -1[4]     9     1     8     6 
    9     7     6     8     1     5     2     4     3 
-1[8]     1     5     2     3     4     9     6     7 
    2     3     4     9 -1[7] -1[6]     8 -1[5]     1 
    6     9     1     5     8     3     4 -1[7]     2 
    5     8     3     4     2     7     6     1 -1[9] 
    4     2     7 -1[6]     9     1 -1[5]     3     8 
Unsolved: 0 Multiple: 15 WA: 15

best: 7200 gamma: 5.12e-09 temp: 0.1588 energy: -2916
-1[1]     6     8     3 -1[5]     2     7     9     4 
    7     4 -1[9] -1[1]     6     8     3 -1[2]     5 
    3     5 -1[2]     7 -1[4]     9     1     8     6 
    9     7     6     8     1     5     2     4     3 
-1[8]     1     5     2     3     4     9     6     7 
    2     3     4     9 -1[7]  2[6]     8 -1[5]     1 
    6     9     1     5     8     3     4 -1[7]     2 
    5     8     3     4     2     7     6     1 -1[9] 
    4     2     7 -1[6]     9     1 -1[5]     3     8 
Unsolved: 0 Multiple: 14 WA: 15

best: 7418 gamma: 5.0328e-09 temp: 0.156947 energy: -2928
-1[1]     6     8     3 -1[5]     2     7     9     4 
    7     4 -1[9] -1[1]     6     8     3 -1[2]     5 
    3     5 -1[2]     7 -1[4]     9     1     8     6 
    9     7     6     8     1     5     2     4     3 
-1[8]     1     5     2     3     4     9     6     7 
    2     3     4     9 -1[7] -1[6]     8 -1[5]     1 
    6     9     1     5     8     3     4 -1[7]     2 
    5     8     3     4     2     7     6     1 -1[9] 
    4     2     7 -1[6]     9     1 -1[5]     3     8 
Unsolved: 0 Multiple: 15 WA: 15

best: 7775 gamma: 4.89e-09 temp: 0.153913 energy: -2940
-1[1]     6     8     3 -1[5]     2     7     9     4 
    7     4 -1[9] -1[1]     6     8     3 -1[2]     5 
    3     5 -1[2]     7 -1[4]     9     1     8     6 
    9     7     6     8     1     5     2     4     3 
-1[8]     1     5     2     3     4     9     6     7 
    2     3     4     9  3[7] -1[6]     8 -1[5]     1 
    6     9     1     5     8     3     4 -1[7]     2 
    5     8     3     4     2     7     6     1 -1[9] 
    4     2     7 -1[6]     9     1 -1[5]     3     8 
Unsolved: 0 Multiple: 14 WA: 15

best: 8008 gamma: 4.7968e-09 temp: 0.151932 energy: -2945
-1[1]     6     8     3 -1[5]     2     7     9     4 
    7     4 -1[9] -1[1]     6     8     3 -1[2]     5 
    3     5 -1[2]     7 -1[4]     9     1     8     6 
    9     7     6     8     1     5     2     4     3 
-1[8]     1     5     2     3     4     9     6     7 
    2     3     4     9 -1[7] -1[6]     8 -1[5]     1 
    6     9     1     5     8     3     4 -1[7]     2 
    5     8     3     4     2     7     6     1 -1[9] 
    4     2     7 -1[6]     9     1 -1[5]     3     8 
Unsolved: 0 Multiple: 15 WA: 15

best: 8210 gamma: 4.716e-09 temp: 0.150215 energy: -2947
-1[1]     6     8     3 -1[5]     2     7     9     4 
    7     4 -1[9] -1[1]     6     8     3 -1[2]     5 
    3     5 -1[2]     7 -1[4]     9     1     8     6 
    9     7     6     8     1     5     2     4     3 
-1[8]     1     5     2     3     4     9     6     7 
    2     3     4     9 -1[7] -1[6]     8 -1[5]     1 
    6     9     1     5     8     3     4 -1[7]     2 
    5     8     3     4     2     7     6     1 -1[9] 
    4     2     7 -1[6]     9     1 -1[5]     3     8 
Unsolved: 0 Multiple: 15 WA: 15

best: 8346 gamma: 4.6616e-09 temp: 0.149059 energy: -2952
 1(V)     6     8     3  5(V)     2     7     9     4 
    7     4 -1[9] -1[1]     6     8     3 -1[2]     5 
    3     5 -1[2]     7 -1[4]     9     1     8     6 
    9     7     6     8     1     5     2     4     3 
-1[8]     1     5     2     3     4     9     6     7 
    2     3     4     9 -1[7] -1[6]     8 -1[5]     1 
    6     9     1     5     8     3     4  2[7]     2 
    5     8     3     4     2     7     6     1 -1[9] 
    4     2     7 -1[6]     9     1 -1[5]     3     8 
Unsolved: 0 Multiple: 12 WA: 13

best: 8525 gamma: 4.59e-09 temp: 0.147538 energy: -2953
-1[1]     6     8     3  1[5]     2     7     9     4 
    7     4  2[9]  3[1]     6     8     3 -1[2]     5 
    3     5 -1[2]     7 -1[4]     9     1     8     6 
    9     7     6     8     1     5     2     4     3 
-1[8]     1     5     2     3     4     9     6     7 
    2     3     4     9 -1[7] -1[6]     8  5(V)     1 
    6     9     1     5     8     3     4 -1[7]     2 
    5     8     3     4     2     7     6     1 -1[9] 
    4     2     7 -1[6]     9     1  5(V)     3     8 
Unsolved: 0 Multiple: 10 WA: 13

best: 8673 gamma: 4.5308e-09 temp: 0.14628 energy: -2957
-1[1]     6     8     3 -1[5]     2     7     9     4 
    7     4  9(V)  5[1]     6     8     3 -1[2]     5 
    3     5 -1[2]     7  6[4]     9     1     8     6 
    9     7     6     8     1     5     2     4     3 
-1[8]     1     5     2     3     4     9     6     7 
    2     3     4     9  7(V) -1[6]     8 -1[5]     1 
    6     9     1     5     8     3     4 -1[7]     2 
    5     8     3     4     2     7     6     1 -1[9] 
    4     2     7 -1[6]     9     1 -1[5]     3     8 
Unsolved: 0 Multiple: 11 WA: 13

best: 8876 gamma: 4.4496e-09 temp: 0.144554 energy: -2958
-1[1]     6     8     3 -1[5]     2     7     9     4 
    7     4 -1[9] -1[1]     6     8     3  2(V)     5 
    3     5 -1[2]     7 -1[4]     9     1     8     6 
    9     7     6     8     1     5     2     4     3 
-1[8]     1     5     2     3     4     9     6     7 
    2     3     4     9 -1[7] -1[6]     8  1[5]     1 
    6     9     1     5     8     3     4 -1[7]     2 
    5     8     3     4     2     7     6     1  9(V) 
    4     2     7 -1[6]     9     1 -1[5]     3     8 
Unsolved: 0 Multiple: 12 WA: 13

best: 8971 gamma: 4.4116e-09 temp: 0.143747 energy: -2962
 7[1]     6     8     3  4[5]     2     7     9     4 
    7     4 -1[9] -1[1]     6     8     3 -1[2]     5 
    3     5 -1[2]     7  5[4]     9     1     8     6 
    9     7     6     8     1     5     2     4     3 
-1[8]     1     5     2     3     4     9     6     7 
    2     3     4     9  7(V) -1[6]     8  6[5]     1 
    6     9     1     5     8     3     4 -1[7]     2 
    5     8     3     4     2     7     6     1 -1[9] 
    4     2     7 -1[6]     9     1  8[5]     3     8 
Unsolved: 0 Multiple: 9 WA: 14

best: 9351 gamma: 4.2596e-09 temp: 0.140517 energy: -2963
-1[1]     6     8     3  5(V)     2     7     9     4 
    7     4  4[9] -1[1]     6     8     3 -1[2]     5 
    3     5 -1[2]     7 -1[4]     9     1     8     6 
    9     7     6     8     1     5     2     4     3 
-1[8]     1     5     2     3     4     9     6     7 
    2     3     4     9 -1[7]  6(V)     8 -1[5]     1 
    6     9     1     5     8     3     4  2[7]     2 
    5     8     3     4     2     7     6     1 -1[9] 
    4     2     7  1[6]     9     1  8[5]     3     8 
Unsolved: 0 Multiple: 9 WA: 13

best: 9423 gamma: 4.2308e-09 temp: 0.139905 energy: -2966
-1[1]     6     8     3 -1[5]     2     7     9     4 
    7     4  9(V)  1(V)     6     8     3 -1[2]     5 
    3     5  2(V)     7  4(V)     9     1     8     6 
    9     7     6     8     1     5     2     4     3 
-1[8]     1     5     2     3     4     9     6     7 
    2     3     4     9 -1[7] -1[6]     8 -1[5]     1 
    6     9     1     5     8     3     4 -1[7]     2 
    5     8     3     4     2     7     6     1 -1[9] 
    4     2     7  6(V)     9     1  4[5]     3     8 
Unsolved: 0 Multiple: 9 WA: 10

best: 9425 gamma: 4.23e-09 temp: 0.139888 energy: -2967
-1[1]     6     8     3 -1[5]     2     7     9     4 
    7     4 -1[9]  1(V)     6     8     3  2(V)     5 
    3     5  2(V)     7 -1[4]     9     1     8     6 
    9     7     6     8     1     5     2     4     3 
-1[8]     1     5     2     3     4     9     6     7 
    2     3     4     9  7(V) -1[6]     8  5(V)     1 
    6     9     1     5     8     3     4  7(V)     2 
    5     8     3     4     2     7     6     1 -1[9] 
    4     2     7 -1[6]     9     1 -1[5]     3     8 
Unsolved: 0 Multiple: 9 WA: 9

best: 9495 gamma: 4.202e-09 temp: 0.139293 energy: -2972
 1(V)     6     8     3 -1[5]     2     7     9     4 
    7     4  9(V)  1(V)     6     8     3  2(V)     5 
    3     5 -1[2]     7  4(V)     9     1     8     6 
    9     7     6     8     1     5     2     4     3 
-1[8]     1     5     2     3     4     9     6     7 
    2     3     4     9 -1[7]  6(V)     8  5(V)     1 
    6     9     1     5     8     3     4 -1[7]     2 
    5     8     3     4     2     7     6     1  9(V) 
    4     2     7 -1[6]     9     1 -1[5]     3     8 
Unsolved: 0 Multiple: 7 WA: 7

best: 9778 gamma: 4.0888e-09 temp: 0.136887 energy: -2976
 3[1]     6     8     3  5(V)     2     7     9     4 
    7     4  9(V)  3[1]     6     8     3 -1[2]     5 
    3     5  2(V)     7  4(V)     9     1     8     6 
    9     7     6     8     1     5     2     4     3 
 8(V)     1     5     2     3     4     9     6     7 
    2     3     4     9  7(V) -1[6]     8 -1[5]     1 
    6     9     1     5     8     3     4  4[7]     2 
    5     8     3     4     2     7     6     1  9(V) 
    4     2     7 -1[6]     9     1 -1[5]     3     8 
Unsolved: 0 Multiple: 5 WA: 8

best: 9847 gamma: 4.0612e-09 temp: 0.136301 energy: -2979
 8[1]     6     8     3  5(V)     2     7     9     4 
    7     4 -1[9]  3[1]     6     8     3  2(V)     5 
    3     5  2(V)     7 -1[4]     9     1     8     6 
    9     7     6     8     1     5     2     4     3 
 9[8]     1     5     2     3     4     9     6     7 
    2     3     4     9  7(V)  6(V)     8  5(V)     1 
    6     9     1     5     8     3     4 -1[7]     2 
    5     8     3     4     2     7     6     1  9(V) 
    4     2     7  1[6]     9     1 -1[5]     3     8 
Unsolved: 0 Multiple: 4 WA: 8

best: 9904 gamma: 4.0384e-09 temp: 0.135816 energy: -2983
 1(V)     6     8     3  5(V)     2     7     9     4 
    7     4  2[9]  1(V)     6     8     3  9[2]     5 
    3     5  9[2]     7 -1[4]     9     1     8     6 
    9     7     6     8     1     5     2     4     3 
 8(V)     1     5     2     3     4     9     6     7 
    2     3     4     9 -1[7]  4[6]     8 -1[5]     1 
    6     9     1     5     8     3     4 -1[7]     2 
    5     8     3     4     2     7     6     1  9(V) 
    4     2     7  6(V)     9     1  5(V)     3     8 
Unsolved: 0 Multiple: 4 WA: 8

best: 10220 gamma: 3.912e-09 temp: 0.13313 energy: -2984
 8[1]     6     8     3  5(V)     2     7     9     4 
    7     4  1[9]  7[1]     6     8     3  2(V)     5 
    3     5  2(V)     7  4(V)     9     1     8     6 
    9     7     6     8     1     5     2     4     3 
 1[8]     1     5     2     3     4     9     6     7 
    2     3     4     9  7(V) -1[6]     8  5(V)     1 
    6     9     1     5     8     3     4 -1[7]     2 
    5     8     3     4     2     7     6     1  9(V) 
    4     2     7 -1[6]     9     1  5(V)     3     8 
Unsolved: 0 Multiple: 3 WA: 7

best: 10340 gamma: 3.864e-09 temp: 0.13211 energy: -2986
 1(V)     6     8     3  5(V)     2     7     9     4 
    7     4  9(V)  1(V)     6     8     3  2(V)     5 
    3     5  2(V)     7  4(V)     9     1     8     6 
    9     7     6     8     1     5     2     4     3 
 8(V)     1     5     2     3     4     9     6     7 
    2     3     4     9  9[7] -1[6]     8 -1[5]     1 
    6     9     1     5     8     3     4  7(V)     2 
    5     8     3     4     2     7     6     1  9(V) 
    4     2     7  4[6]     9     1  5(V)     3     8 
Unsolved: 0 Multiple: 2 WA: 4

best: 10545 gamma: 3.782e-09 temp: 0.130368 energy: -2989
 1(V)     6     8     3  4[5]     2     7     9     4 
    7     4  2[9]  1(V)     6     8     3  5[2]     5 
    3     5  9[2]     7  5[4]     9     1     8     6 
    9     7     6     8     1     5     2     4     3 
 8(V)     1     5     2     3     4     9     6     7 
    2     3     4     9  6[7]  5[6]     8  7[5]     1 
    6     9     1     5     8     3     4  2[7]     2 
    5     8     3     4     2     7     6     1  9(V) 
    4     2     7  6(V)     9     1  5(V)     3     8 
Unsolved: 0 Multiple: 0 WA: 9

best: 10661 gamma: 3.7356e-09 temp: 0.129382 energy: -2991
 1(V)     6     8     3  5(V)     2     7     9     4 
    7     4  0[9]  1(V)     6     8     3 -1[2]     5 
    3     5  2(V)     7  4(V)     9     1     8     6 
    9     7     6     8     1     5     2     4     3 
 8(V)     1     5     2     3     4     9     6     7 
    2     3     4     9  7(V)  6(V)     8  5(V)     1 
    6     9     1     5     8     3     4  2[7]     2 
    5     8     3     4     2     7     6     1  9(V) 
    4     2     7  6(V)     9     1  5(V)     3     8 
Unsolved: 1 Multiple: 1 WA: 3

best: 10799 gamma: 3.6804e-09 temp: 0.128209 energy: -2993
 1(V)     6     8     3  5(V)     2     7     9     4 
    7     4  2[9]  1(V)     6     8     3  8[2]     5 
    3     5  8[2]     7  4(V)     9     1     8     6 
    9     7     6     8     1     5     2     4     3 
 8(V)     1     5     2     3     4     9     6     7 
    2     3     4     9  7(V)  6(V)     8  5(V)     1 
    6     9     1     5     8     3     4  7(V)     2 
    5     8     3     4     2     7     6     1  9(V) 
    4     2     7  6(V)     9     1  5(V)     3     8 
Unsolved: 0 Multiple: 0 WA: 3

best: 11396 gamma: 3.4416e-09 temp: 0.123134 energy: -2997
 1(V)     6     8     3  5(V)     2     7     9     4 
    7     4  9(V)  1(V)     6     8     3  2(V)     5 
    3     5  2(V)     7  4(V)     9     1     8     6 
    9     7     6     8     1     5     2     4     3 
 8(V)     1     5     2     3     4     9     6     7 
    2     3     4     9  7(V)  6(V)     8  5(V)     1 
    6     9     1     5     8     3     4  7(V)     2 
    5     8     3     4     2     7     6     1  9(V) 
    4     2     7  6(V)     9     1  5(V)     3     8 
Unsolved: 0 Multiple: 0 WA: 0

