best: 0 gamma: 1e-06 temp: 0.3 energy: -2824
    1     6     8     3     5     2     7  8[9]     4 
-1[7]     4     9     1     6     8     3     2     5 
    3     5     2     7     4     9     1     8     6 
-1[9]     7     6     8     1     5     2 -1[4]     3 
    8     1     5     2     3 -1[4]     9     6     7 
    2     3     4     9     7 -1[6]     8     5     1 
-1[6]     9 -1[1]     5 -1[8] -1[3]     4     7     2 
    5     8     3     4     2     7     6     1     9 
    4     2     7     6     9     1     5     3     8 
Unsolved: 0 Multiple: 9 WA: 10

best: 703 gamma: 9.6485e-07 temp: 0.293322 energy: -2827
    1     6     8     3     5     2     7 -1[9]     4 
-1[7]     4     9     1     6     8     3     2     5 
    3     5     2     7     4     9     1     8     6 
-1[9]     7     6     8     1     5     2 -1[4]     3 
    8     1     5     2     3 -1[4]     9     6     7 
    2     3     4     9     7 -1[6]     8     5     1 
-1[6]     9 -1[1]     5 -1[8] -1[3]     4     7     2 
    5     8     3     4     2     7     6     1     9 
    4     2     7     6     9     1     5     3     8 
Unsolved: 0 Multiple: 10 WA: 10

best: 2339 gamma: 8.8305e-07 temp: 0.27778 energy: -2832
    1     6     8     3     5     2     7 -1[9]     4 
-1[7]     4     9     1     6     8     3     2     5 
    3     5     2     7     4     9     1     8     6 
-1[9]     7     6     8     1     5     2 -1[4]     3 
    8     1     5     2     3 -1[4]     9     6     7 
    2     3     4     9     7 -1[6]     8     5     1 
-1[6]     9 -1[1]     5 -1[8] -1[3]     4     7     2 
    5     8     3     4     2     7     6     1     9 
    4     2     7     6     9     1     5     3     8 
Unsolved: 0 Multiple: 10 WA: 10

best: 2536 gamma: 8.732e-07 temp: 0.275908 energy: -2841
    1     6     8     3     5     2     7 -1[9]     4 
-1[7]     4     9     1     6     8     3     2     5 
    3     5     2     7     4     9     1     8     6 
-1[9]     7     6     8     1     5     2 -1[4]     3 
    8     1     5     2     3 -1[4]     9     6     7 
    2     3     4     9     7 -1[6]     8     5     1 
-1[6]     9 -1[1]     5 -1[8] -1[3]     4     7     2 
    5     8     3     4     2     7     6     1     9 
    4     2     7     6     9     1     5     3     8 
Unsolved: 0 Multiple: 10 WA: 10

best: 3951 gamma: 8.0245e-07 temp: 0.262466 energy: -2846
    1     6     8     3     5     2     7 -1[9]     4 
-1[7]     4     9     1     6     8     3     2     5 
    3     5     2     7     4     9     1     8     6 
-1[9]     7     6     8     1     5     2 -1[4]     3 
    8     1     5     2     3 -1[4]     9     6     7 
    2     3     4     9     7 -1[6]     8     5     1 
-1[6]     9 -1[1]     5 -1[8] -1[3]     4     7     2 
    5     8     3     4     2     7     6     1     9 
    4     2     7     6     9     1     5     3     8 
Unsolved: 0 Multiple: 10 WA: 10

best: 4194 gamma: 7.903e-07 temp: 0.260157 energy: -2850
    1     6     8     3     5     2     7 -1[9]     4 
-1[7]     4     9     1     6     8     3     2     5 
    3     5     2     7     4     9     1     8     6 
-1[9]     7     6     8     1     5     2 -1[4]     3 
    8     1     5     2     3 -1[4]     9     6     7 
    2     3     4     9     7 -1[6]     8     5     1 
-1[6]     9 -1[1]     5 -1[8] -1[3]     4     7     2 
    5     8     3     4     2     7     6     1     9 
    4     2     7     6     9     1     5     3     8 
Unsolved: 0 Multiple: 10 WA: 10

best: 4206 gamma: 7.897e-07 temp: 0.260043 energy: -2853
    1     6     8     3     5     2     7 -1[9]     4 
-1[7]     4     9     1     6     8     3     2     5 
    3     5     2     7     4     9     1     8     6 
-1[9]     7     6     8     1     5     2 -1[4]     3 
    8     1     5     2     3 -1[4]     9     6     7 
    2     3     4     9     7 -1[6]     8     5     1 
-1[6]     9 -1[1]     5 -1[8] -1[3]     4     7     2 
    5     8     3     4     2     7     6     1     9 
    4     2     7     6     9     1     5     3     8 
Unsolved: 0 Multiple: 10 WA: 10

best: 4208 gamma: 7.896e-07 temp: 0.260024 energy: -2876
    1     6     8     3     5     2     7 -1[9]     4 
-1[7]     4     9     1     6     8     3     2     5 
    3     5     2     7     4     9     1     8     6 
-1[9]     7     6     8     1     5     2 -1[4]     3 
    8     1     5     2     3 -1[4]     9     6     7 
    2     3     4     9     7 -1[6]     8     5     1 
-1[6]     9 -1[1]     5 -1[8] -1[3]     4     7     2 
    5     8     3     4     2     7     6     1     9 
    4     2     7     6     9     1     5     3     8 
Unsolved: 0 Multiple: 10 WA: 10

best: 5640 gamma: 7.18e-07 temp: 0.24642 energy: -2877
    1     6     8     3     5     2     7 -1[9]     4 
-1[7]     4     9     1     6     8     3     2     5 
    3     5     2     7     4     9     1     8     6 
-1[9]     7     6     8     1     5     2 -1[4]     3 
    8     1     5     2     3 -1[4]     9     6     7 
    2     3     4     9     7 -1[6]     8     5     1 
-1[6]     9 -1[1]     5 -1[8] -1[3]     4     7     2 
    5     8     3     4     2     7     6     1     9 
    4     2     7     6     9     1     5     3     8 
Unsolved: 0 Multiple: 10 WA: 10

best: 5822 gamma: 7.089e-07 temp: 0.244691 energy: -2878
    1     6     8     3     5     2     7 -1[9]     4 
-1[7]     4     9     1     6     8     3     2     5 
    3     5     2     7     4     9     1     8     6 
-1[9]     7     6     8     1     5     2 -1[4]     3 
    8     1     5     2     3 -1[4]     9     6     7 
    2     3     4     9     7 -1[6]     8     5     1 
-1[6]     9 -1[1]     5 -1[8] -1[3]     4     7     2 
    5     8     3     4     2     7     6     1     9 
    4     2     7     6     9     1     5     3     8 
Unsolved: 0 Multiple: 10 WA: 10

best: 5996 gamma: 7.002e-07 temp: 0.243038 energy: -2882
    1     6     8     3     5     2     7 -1[9]     4 
-1[7]     4     9     1     6     8     3     2     5 
    3     5     2     7     4     9     1     8     6 
-1[9]     7     6     8     1     5     2 -1[4]     3 
    8     1     5     2     3 -1[4]     9     6     7 
    2     3     4     9     7 -1[6]     8     5     1 
-1[6]     9 -1[1]     5 -1[8] -1[3]     4     7     2 
    5     8     3     4     2     7     6     1     9 
    4     2     7     6     9     1     5     3     8 
Unsolved: 0 Multiple: 10 WA: 10

best: 6024 gamma: 6.988e-07 temp: 0.242772 energy: -2888
    1     6     8     3     5     2     7 -1[9]     4 
-1[7]     4     9     1     6     8     3     2     5 
    3     5     2     7     4     9     1     8     6 
-1[9]     7     6     8     1     5     2 -1[4]     3 
    8     1     5     2     3 -1[4]     9     6     7 
    2     3     4     9     7 -1[6]     8     5     1 
-1[6]     9 -1[1]     5 -1[8] -1[3]     4     7     2 
    5     8     3     4     2     7     6     1     9 
    4     2     7     6     9     1     5     3     8 
Unsolved: 0 Multiple: 10 WA: 10

best: 6612 gamma: 6.694e-07 temp: 0.237186 energy: -2895
    1     6     8     3     5     2     7 -1[9]     4 
-1[7]     4     9     1     6     8     3     2     5 
    3     5     2     7     4     9     1     8     6 
-1[9]     7     6     8     1     5     2 -1[4]     3 
    8     1     5     2     3 -1[4]     9     6     7 
    2     3     4     9     7 -1[6]     8     5     1 
-1[6]     9 -1[1]     5 -1[8] -1[3]     4     7     2 
    5     8     3     4     2     7     6     1     9 
    4     2     7     6     9     1     5     3     8 
Unsolved: 0 Multiple: 10 WA: 10

best: 6694 gamma: 6.653e-07 temp: 0.236407 energy: -2899
    1     6     8     3     5     2     7 -1[9]     4 
-1[7]     4     9     1     6     8     3     2     5 
    3     5     2     7     4     9     1     8     6 
-1[9]     7     6     8     1     5     2 -1[4]     3 
    8     1     5     2     3 -1[4]     9     6     7 
    2     3     4     9     7 -1[6]     8     5     1 
-1[6]     9 -1[1]     5 -1[8] -1[3]     4     7     2 
    5     8     3     4     2     7     6     1     9 
    4     2     7     6     9     1     5     3     8 
Unsolved: 0 Multiple: 10 WA: 10

best: 6902 gamma: 6.549e-07 temp: 0.234431 energy: -2910
    1     6     8     3     5     2     7 -1[9]     4 
-1[7]     4     9     1     6     8     3     2     5 
    3     5     2     7     4     9     1     8     6 
-1[9]     7     6     8     1     5     2 -1[4]     3 
    8     1     5     2     3 -1[4]     9     6     7 
    2     3     4     9     7 -1[6]     8     5     1 
-1[6]     9 -1[1]     5 -1[8] -1[3]     4     7     2 
    5     8     3     4     2     7     6     1     9 
    4     2     7     6     9     1     5     3     8 
Unsolved: 0 Multiple: 10 WA: 10

best: 7573 gamma: 6.2135e-07 temp: 0.228057 energy: -2914
    1     6     8     3     5     2     7 -1[9]     4 
-1[7]     4     9     1     6     8     3     2     5 
    3     5     2     7     4     9     1     8     6 
-1[9]     7     6     8     1     5     2 -1[4]     3 
    8     1     5     2     3 -1[4]     9     6     7 
    2     3     4     9     7 -1[6]     8     5     1 
-1[6]     9 -1[1]     5 -1[8] -1[3]     4     7     2 
    5     8     3     4     2     7     6     1     9 
    4     2     7     6     9     1     5     3     8 
Unsolved: 0 Multiple: 10 WA: 10

best: 7684 gamma: 6.158e-07 temp: 0.227002 energy: -2916
    1     6     8     3     5     2     7 -1[9]     4 
-1[7]     4     9     1     6     8     3     2     5 
    3     5     2     7     4     9     1     8     6 
-1[9]     7     6     8     1     5     2 -1[4]     3 
    8     1     5     2     3 -1[4]     9     6     7 
    2     3     4     9     7 -1[6]     8     5     1 
-1[6]     9 -1[1]     5 -1[8] -1[3]     4     7     2 
    5     8     3     4     2     7     6     1     9 
    4     2     7     6     9     1     5     3     8 
Unsolved: 0 Multiple: 10 WA: 10

best: 7818 gamma: 6.091e-07 temp: 0.225729 energy: -2925
    1     6     8     3     5     2     7 -1[9]     4 
-1[7]     4     9     1     6     8     3     2     5 
    3     5     2     7     4     9     1     8     6 
-1[9]     7     6     8     1     5     2 -1[4]     3 
    8     1     5     2     3 -1[4]     9     6     7 
    2     3     4     9     7 -1[6]     8     5     1 
-1[6]     9 -1[1]     5 -1[8] -1[3]     4     7     2 
    5     8     3     4     2     7     6     1     9 
    4     2     7     6     9     1     5     3     8 
Unsolved: 0 Multiple: 10 WA: 10

best: 8393 gamma: 5.8035e-07 temp: 0.220267 energy: -2933
    1     6     8     3     5     2     7 -1[9]     4 
-1[7]     4     9     1     6     8     3     2     5 
    3     5     2     7     4     9     1     8     6 
-1[9]     7     6     8     1     5     2 -1[4]     3 
    8     1     5     2     3 -1[4]     9     6     7 
    2     3     4     9     7 -1[6]     8     5     1 
-1[6]     9 -1[1]     5 -1[8] -1[3]     4     7     2 
    5     8     3     4     2     7     6     1     9 
    4     2     7     6     9     1     5     3     8 
Unsolved: 0 Multiple: 10 WA: 10

best: 8781 gamma: 5.6095e-07 temp: 0.216581 energy: -2935
    1     6     8     3     5     2     7 -1[9]     4 
-1[7]     4     9     1     6     8     3     2     5 
    3     5     2     7     4     9     1     8     6 
 8[9]     7     6     8     1     5     2 -1[4]     3 
    8     1     5     2     3 -1[4]     9     6     7 
    2     3     4     9     7 -1[6]     8     5     1 
-1[6]     9 -1[1]     5  1[8] -1[3]     4     7     2 
    5     8     3     4     2     7     6     1     9 
    4     2     7     6     9     1     5     3     8 
Unsolved: 0 Multiple: 8 WA: 10

best: 9287 gamma: 5.3565e-07 temp: 0.211774 energy: -2940
    1     6     8     3     5     2     7 -1[9]     4 
-1[7]     4     9     1     6     8     3     2     5 
    3     5     2     7     4     9     1     8     6 
-1[9]     7     6     8     1     5     2 -1[4]     3 
    8     1     5     2     3 -1[4]     9     6     7 
    2     3     4     9     7 -1[6]     8     5     1 
-1[6]     9 -1[1]     5 -1[8] -1[3]     4     7     2 
    5     8     3     4     2     7     6     1     9 
    4     2     7     6     9     1     5     3     8 
Unsolved: 0 Multiple: 10 WA: 10

best: 9326 gamma: 5.337e-07 temp: 0.211403 energy: -2943
    1     6     8     3     5     2     7 -1[9]     4 
-1[7]     4     9     1     6     8     3     2     5 
    3     5     2     7     4     9     1     8     6 
-1[9]     7     6     8     1     5     2 -1[4]     3 
    8     1     5     2     3 -1[4]     9     6     7 
    2     3     4     9     7 -1[6]     8     5     1 
-1[6]     9 -1[1]     5 -1[8] -1[3]     4     7     2 
    5     8     3     4     2     7     6     1     9 
    4     2     7     6     9     1     5     3     8 
Unsolved: 0 Multiple: 10 WA: 10

best: 9334 gamma: 5.333e-07 temp: 0.211327 energy: -2945
    1     6     8     3     5     2     7 -1[9]     4 
-1[7]     4     9     1     6     8     3     2     5 
    3     5     2     7     4     9     1     8     6 
-1[9]     7     6     8     1     5     2 -1[4]     3 
    8     1     5     2     3 -1[4]     9     6     7 
    2     3     4     9     7 -1[6]     8     5     1 
-1[6]     9 -1[1]     5 -1[8] -1[3]     4     7     2 
    5     8     3     4     2     7     6     1     9 
    4     2     7     6     9     1     5     3     8 
Unsolved: 0 Multiple: 10 WA: 10

best: 9491 gamma: 5.2545e-07 temp: 0.209836 energy: -2956
    1     6     8     3     5     2     7 -1[9]     4 
-1[7]     4     9     1     6     8     3     2     5 
    3     5     2     7     4     9     1     8     6 
-1[9]     7     6     8     1     5     2 -1[4]     3 
    8     1     5     2     3 -1[4]     9     6     7 
    2     3     4     9     7 -1[6]     8     5     1 
-1[6]     9 -1[1]     5 -1[8] -1[3]     4     7     2 
    5     8     3     4     2     7     6     1     9 
    4     2     7     6     9     1     5     3     8 
Unsolved: 0 Multiple: 10 WA: 10

best: 9945 gamma: 5.0275e-07 temp: 0.205523 energy: -2958
    1     6     8     3     5     2     7 -1[9]     4 
-1[7]     4     9     1     6     8     3     2     5 
    3     5     2     7     4     9     1     8     6 
-1[9]     7     6     8     1     5     2 -1[4]     3 
    8     1     5     2     3  4(V)     9     6     7 
    2     3     4     9     7  6(V)     8     5     1 
-1[6]     9 -1[1]     5 -1[8] -1[3]     4     7     2 
    5     8     3     4     2     7     6     1     9 
    4     2     7     6     9     1     5     3     8 
Unsolved: 0 Multiple: 8 WA: 8

best: 10483 gamma: 4.7585e-07 temp: 0.200412 energy: -2959
    1     6     8     3     5     2     7 -1[9]     4 
-1[7]     4     9     1     6     8     3     2     5 
    3     5     2     7     4     9     1     8     6 
-1[9]     7     6     8     1     5     2 -1[4]     3 
    8     1     5     2     3 -1[4]     9     6     7 
    2     3     4     9     7  3[6]     8     5     1 
 8[6]     9 -1[1]     5 -1[8] -1[3]     4     7     2 
    5     8     3     4     2     7     6     1     9 
    4     2     7     6     9     1     5     3     8 
Unsolved: 0 Multiple: 8 WA: 10

best: 10627 gamma: 4.6865e-07 temp: 0.199044 energy: -2961
    1     6     8     3     5     2     7 -1[9]     4 
-1[7]     4     9     1     6     8     3     2     5 
    3     5     2     7     4     9     1     8     6 
-1[9]     7     6     8     1     5     2 -1[4]     3 
    8     1     5     2     3 -1[4]     9     6     7 
    2     3     4     9     7  6(V)     8     5     1 
-1[6]     9 -1[1]     5 -1[8] -1[3]     4     7     2 
    5     8     3     4     2     7     6     1     9 
    4     2     7     6     9     1     5     3     8 
Unsolved: 0 Multiple: 9 WA: 9

best: 10725 gamma: 4.6375e-07 temp: 0.198113 energy: -2964
    1     6     8     3     5     2     7 -1[9]     4 
-1[7]     4     9     1     6     8     3     2     5 
    3     5     2     7     4     9     1     8     6 
 7[9]     7     6     8     1     5     2 -1[4]     3 
    8     1     5     2     3  4(V)     9     6     7 
    2     3     4     9     7 -1[6]     8     5     1 
-1[6]     9 -1[1]     5 -1[8] -1[3]     4     7     2 
    5     8     3     4     2     7     6     1     9 
    4     2     7     6     9     1     5     3     8 
Unsolved: 0 Multiple: 8 WA: 9

best: 10860 gamma: 4.57e-07 temp: 0.19683 energy: -2967
    1     6     8     3     5     2     7 -1[9]     4 
-1[7]     4     9     1     6     8     3     2     5 
    3     5     2     7     4     9     1     8     6 
 6[9]     7     6     8     1     5     2 -1[4]     3 
    8     1     5     2     3 -1[4]     9     6     7 
    2     3     4     9     7 -1[6]     8     5     1 
 9[6]     9  6[1]     5 -1[8] -1[3]     4     7     2 
    5     8     3     4     2     7     6     1     9 
    4     2     7     6     9     1     5     3     8 
Unsolved: 0 Multiple: 7 WA: 10

best: 11086 gamma: 4.457e-07 temp: 0.194683 energy: -2971
    1     6     8     3     5     2     7 -1[9]     4 
-1[7]     4     9     1     6     8     3     2     5 
    3     5     2     7     4     9     1     8     6 
-1[9]     7     6     8     1     5     2 -1[4]     3 
    8     1     5     2     3 -1[4]     9     6     7 
    2     3     4     9     7  6(V)     8     5     1 
 6(V)     9 -1[1]     5  4[8] -1[3]     4     7     2 
    5     8     3     4     2     7     6     1     9 
    4     2     7     6     9     1     5     3     8 
Unsolved: 0 Multiple: 7 WA: 8

best: 11339 gamma: 4.3305e-07 temp: 0.19228 energy: -2972
    1     6     8     3     5     2     7 -1[9]     4 
-1[7]     4     9     1     6     8     3     2     5 
    3     5     2     7     4     9     1     8     6 
-1[9]     7     6     8     1     5     2  4(V)     3 
    8     1     5     2     3 -1[4]     9     6     7 
    2     3     4     9     7  4[6]     8     5     1 
 1[6]     9 -1[1]     5 -1[8]  8[3]     4     7     2 
    5     8     3     4     2     7     6     1     9 
    4     2     7     6     9     1     5     3     8 
Unsolved: 0 Multiple: 6 WA: 9

best: 11683 gamma: 4.1585e-07 temp: 0.189012 energy: -2976
    1     6     8     3     5     2     7 -1[9]     4 
-1[7]     4     9     1     6     8     3     2     5 
    3     5     2     7     4     9     1     8     6 
 9(V)     7     6     8     1     5     2  4(V)     3 
    8     1     5     2     3 -1[4]     9     6     7 
    2     3     4     9     7 -1[6]     8     5     1 
 6(V)     9  1(V)     5  8(V) -1[3]     4     7     2 
    5     8     3     4     2     7     6     1     9 
    4     2     7     6     9     1     5     3     8 
Unsolved: 0 Multiple: 5 WA: 5

best: 11686 gamma: 4.157e-07 temp: 0.188983 energy: -2978
    1     6     8     3     5     2     7 -1[9]     4 
 9[7]     4     9     1     6     8     3     2     5 
    3     5     2     7     4     9     1     8     6 
 6[9]     7     6     8     1     5     2  4(V)     3 
    8     1     5     2     3 -1[4]     9     6     7 
    2     3     4     9     7 -1[6]     8     5     1 
 7[6]     9  1(V)     5  8(V) -1[3]     4     7     2 
    5     8     3     4     2     7     6     1     9 
    4     2     7     6     9     1     5     3     8 
Unsolved: 0 Multiple: 4 WA: 7

best: 12424 gamma: 3.788e-07 temp: 0.181972 energy: -2979
    1     6     8     3     5     2     7 -1[9]     4 
-1[7]     4     9     1     6     8     3     2     5 
    3     5     2     7     4     9     1     8     6 
-1[9]     7     6     8     1     5     2  3[4]     3 
    8     1     5     2     3 -1[4]     9     6     7 
    2     3     4     9     7  6(V)     8     5     1 
-1[6]     9  1(V)     5  8(V)  3(V)     4     7     2 
    5     8     3     4     2     7     6     1     9 
    4     2     7     6     9     1     5     3     8 
Unsolved: 0 Multiple: 5 WA: 6

best: 12507 gamma: 3.7465e-07 temp: 0.181184 energy: -2983
    1     6     8     3     5     2     7 -1[9]     4 
 7(V)     4     9     1     6     8     3     2     5 
    3     5     2     7     4     9     1     8     6 
-1[9]     7     6     8     1     5     2  4(V)     3 
    8     1     5     2     3  4(V)     9     6     7 
    2     3     4     9     7 -1[6]     8     5     1 
 4[6]     9  6[1]     5  8(V) -1[3]     4     7     2 
    5     8     3     4     2     7     6     1     9 
    4     2     7     6     9     1     5     3     8 
Unsolved: 0 Multiple: 4 WA: 6

best: 13008 gamma: 3.496e-07 temp: 0.176424 energy: -2984
    1     6     8     3     5     2     7  9(V)     4 
 7(V)     4     9     1     6     8     3     2     5 
    3     5     2     7     4     9     1     8     6 
-1[9]     7     6     8     1     5     2 -1[4]     3 
    8     1     5     2     3  4(V)     9     6     7 
    2     3     4     9     7  6(V)     8     5     1 
 9[6]     9  6[1]     5  4[8] -1[3]     4     7     2 
    5     8     3     4     2     7     6     1     9 
    4     2     7     6     9     1     5     3     8 
Unsolved: 0 Multiple: 3 WA: 6

best: 13184 gamma: 3.408e-07 temp: 0.174752 energy: -2986
    1     6     8     3     5     2     7  9(V)     4 
 4[7]     4     9     1     6     8     3     2     5 
    3     5     2     7     4     9     1     8     6 
 8[9]     7     6     8     1     5     2  4(V)     3 
    8     1     5     2     3 -1[4]     9     6     7 
    2     3     4     9     7  6(V)     8     5     1 
 6(V)     9  1(V)     5  8(V)  4[3]     4     7     2 
    5     8     3     4     2     7     6     1     9 
    4     2     7     6     9     1     5     3     8 
Unsolved: 0 Multiple: 1 WA: 4

best: 13305 gamma: 3.3475e-07 temp: 0.173603 energy: -2990
    1     6     8     3     5     2     7  9(V)     4 
 7(V)     4     9     1     6     8     3     2     5 
    3     5     2     7     4     9     1     8     6 
 6[9]     7     6     8     1     5     2  4(V)     3 
    8     1     5     2     3  4(V)     9     6     7 
    2     3     4     9     7  6(V)     8     5     1 
 2[6]     9  1(V)     5  8(V) -1[3]     4     7     2 
    5     8     3     4     2     7     6     1     9 
    4     2     7     6     9     1     5     3     8 
Unsolved: 0 Multiple: 1 WA: 3

best: 13697 gamma: 3.1515e-07 temp: 0.169879 energy: -2991
    1     6     8     3     5     2     7  7[9]     4 
 9[7]     4     9     1     6     8     3     2     5 
    3     5     2     7     4     9     1     8     6 
 7[9]     7     6     8     1     5     2  4(V)     3 
    8     1     5     2     3  4(V)     9     6     7 
    2     3     4     9     7  6(V)     8     5     1 
 6(V)     9  6[1]     5  8(V)  3(V)     4     7     2 
    5     8     3     4     2     7     6     1     9 
    4     2     7     6     9     1     5     3     8 
Unsolved: 0 Multiple: 0 WA: 4

best: 13789 gamma: 3.1055e-07 temp: 0.169005 energy: -2993
    1     6     8     3     5     2     7  9(V)     4 
 9[7]     4     9     1     6     8     3     2     5 
    3     5     2     7     4     9     1     8     6 
-1[9]     7     6     8     1     5     2  4(V)     3 
    8     1     5     2     3  4(V)     9     6     7 
    2     3     4     9     7  6(V)     8     5     1 
 6(V)     9  1(V)     5  8(V)  3(V)     4     7     2 
    5     8     3     4     2     7     6     1     9 
    4     2     7     6     9     1     5     3     8 
Unsolved: 0 Multiple: 1 WA: 2

best: 13995 gamma: 3.0025e-07 temp: 0.167048 energy: -2994
    1     6     8     3     5     2     7  0[9]     4 
 7(V)     4     9     1     6     8     3     2     5 
    3     5     2     7     4     9     1     8     6 
 9(V)     7     6     8     1     5     2  4(V)     3 
    8     1     5     2     3  4(V)     9     6     7 
    2     3     4     9     7  6(V)     8     5     1 
 6(V)     9  1(V)     5  8(V)  5[3]     4     7     2 
    5     8     3     4     2     7     6     1     9 
    4     2     7     6     9     1     5     3     8 
Unsolved: 1 Multiple: 0 WA: 2

best: 14617 gamma: 2.6915e-07 temp: 0.161139 energy: -2995
    1     6     8     3     5     2     7  9(V)     4 
 7(V)     4     9     1     6     8     3     2     5 
    3     5     2     7     4     9     1     8     6 
 9(V)     7     6     8     1     5     2  4(V)     3 
    8     1     5     2     3  4(V)     9     6     7 
    2     3     4     9     7  6(V)     8     5     1 
 6(V)     9  1(V)     5  3[8]  3(V)     4     7     2 
    5     8     3     4     2     7     6     1     9 
    4     2     7     6     9     1     5     3     8 
Unsolved: 0 Multiple: 0 WA: 1

best: 15707 gamma: 2.1465e-07 temp: 0.150784 energy: -2996
    1     6     8     3     5     2     7  9(V)     4 
 7(V)     4     9     1     6     8     3     2     5 
    3     5     2     7     4     9     1     8     6 
 9(V)     7     6     8     1     5     2  4(V)     3 
    8     1     5     2     3  4(V)     9     6     7 
    2     3     4     9     7  6(V)     8     5     1 
 6(V)     9  1(V)     5  8(V)  0[3]     4     7     2 
    5     8     3     4     2     7     6     1     9 
    4     2     7     6     9     1     5     3     8 
Unsolved: 1 Multiple: 0 WA: 1

best: 15737 gamma: 2.1315e-07 temp: 0.150499 energy: -2997
    1     6     8     3     5     2     7  9(V)     4 
 7(V)     4     9     1     6     8     3     2     5 
    3     5     2     7     4     9     1     8     6 
 9(V)     7     6     8     1     5     2  4(V)     3 
    8     1     5     2     3  4(V)     9     6     7 
    2     3     4     9     7  6(V)     8     5     1 
 6(V)     9  1(V)     5  8(V)  3(V)     4     7     2 
    5     8     3     4     2     7     6     1     9 
    4     2     7     6     9     1     5     3     8 
Unsolved: 0 Multiple: 0 WA: 0

