11003.61 42102.5
11108.61 42373.89
11133.33 42885.83
11155.83 42712.5
11183.33 42933.33
11297.5 42853.33
11310.28 42929.44
11416.67 42983.33
11423.89 43000.28
11438.33 42057.22
11461.11 43252.78
11485.56 43187.22
11503.06 42855.28
11511.39 42106.39
11522.22 42841.94
11569.44 43136.67
11583.33 43150.0
11595.0 43148.06
11600.0 43150.0
11690.56 42686.67
11715.83 41836.11
11751.11 42814.44
11770.28 42651.94
11785.28 42884.44
11822.78 42673.61
11846.94 42660.56
11963.06 43290.56
11973.06 43026.11
12058.33 42195.56
12149.44 42477.5
12286.94 43355.56
12300.0 42433.33
12355.83 43156.39
12363.33 43189.17
12372.78 42711.39
12386.67 43334.72
12421.67 42895.56
12645.0 42973.33
