17 30 32 35 33 37 36 25 24 28 20 29 31 34 27 21 22 1 0 3 9 13 6 5 2 4 8 11 16 10 18 26 12 14 19 7 15 23 
17 30 32 35 33 37 36 25 24 28 20 29 31 34 27 21 22 1 0 3 9 13 6 5 2 4 8 11 16 10 18 26 12 14 19 7 15 23 
22 21 19 23 10 8 14 7 9 1 13 0 4 6 12 18 11 15 17 16 2 3 5 26 27 32 30 35 33 36 37 31 29 34 28 20 25 24 
22 19 25 12 8 14 3 13 20 9 0 1 2 4 5 6 17 21 15 7 10 16 11 18 26 30 33 35 37 36 32 31 34 23 27 24 28 29 
22 24 12 23 5 8 4 2 3 13 9 20 0 1 6 14 7 15 11 10 16 18 17 30 26 35 33 32 34 29 28 36 31 37 27 21 25 19 
22 24 12 23 5 8 4 2 3 13 9 20 0 1 6 14 7 15 11 10 16 18 17 30 26 35 33 32 34 29 28 36 31 37 27 21 25 19 
6 5 3 2 14 0 1 20 13 9 22 19 21 25 26 23 27 30 33 37 32 35 36 34 31 29 28 24 15 11 10 17 16 18 8 7 12 4 
6 5 3 2 14 0 1 20 13 9 22 19 21 25 26 23 27 30 33 37 32 35 36 34 31 29 28 24 15 11 10 17 16 18 8 7 12 4 
6 5 3 2 14 0 1 20 13 9 22 19 21 25 26 23 27 30 33 37 32 35 36 34 31 29 28 24 15 11 10 17 16 18 8 7 12 4 
6 5 3 2 14 0 1 20 13 9 22 19 21 25 26 23 27 30 33 37 32 35 36 34 31 29 28 24 15 11 10 17 16 18 8 7 12 4 
28 34 37 36 31 32 33 35 30 26 27 14 12 15 23 16 8 21 22 24 19 25 17 18 10 11 7 6 5 4 2 3 0 1 13 9 20 29 
28 34 37 36 31 32 33 35 30 26 27 14 12 15 23 16 8 21 22 24 19 25 17 18 10 11 7 6 5 4 2 3 0 1 13 9 20 29 
28 34 37 36 31 32 33 35 30 26 27 14 12 15 23 16 8 21 22 24 19 25 17 18 10 11 7 6 5 4 2 3 0 1 13 9 20 29 
28 34 37 36 31 32 33 35 30 26 27 14 12 15 23 16 8 21 22 24 19 25 17 18 10 11 7 6 5 4 2 3 0 1 13 9 20 29 
28 34 37 36 31 32 33 35 30 26 27 14 12 15 23 16 8 21 22 24 19 25 17 18 10 11 7 6 5 4 2 3 0 1 13 9 20 29 
28 34 37 36 31 32 33 35 30 26 27 14 12 15 23 16 8 21 22 24 19 25 17 18 10 11 7 6 5 4 2 3 0 1 13 9 20 29 
28 34 37 36 31 32 33 35 30 26 27 14 12 15 23 16 8 21 22 24 19 25 17 18 10 11 7 6 5 4 2 3 0 1 13 9 20 29 
28 34 37 36 31 32 33 35 30 26 27 14 12 15 23 16 8 21 22 24 19 25 17 18 10 11 7 6 5 4 2 3 0 1 13 9 20 29 
28 34 37 36 31 32 33 35 30 26 27 14 12 15 23 16 8 21 22 24 19 25 17 18 10 11 7 6 5 4 2 3 0 1 13 9 20 29 
28 34 37 36 31 32 33 35 30 26 27 14 12 15 23 16 8 21 22 24 19 25 17 18 10 11 7 6 5 4 2 3 0 1 13 9 20 29 
28 34 37 36 31 32 33 35 30 26 27 14 12 15 23 16 8 21 22 24 19 25 17 18 10 11 7 6 5 4 2 3 0 1 13 9 20 29 
28 34 37 36 31 32 33 35 30 26 27 14 12 15 23 16 8 21 22 24 19 25 17 18 10 11 7 6 5 4 2 3 0 1 13 9 20 29 
28 34 37 36 31 32 33 35 30 26 27 14 12 15 23 16 8 21 22 24 19 25 17 18 10 11 7 6 5 4 2 3 0 1 13 9 20 29 
28 34 37 36 31 32 33 35 30 26 27 14 12 15 23 16 8 21 22 24 19 25 17 18 10 11 7 6 5 4 2 3 0 1 13 9 20 29 
28 34 37 36 31 32 33 35 30 26 27 14 12 15 23 16 8 21 22 24 19 25 17 18 10 11 7 6 5 4 2 3 0 1 13 9 20 29 
28 34 37 36 31 32 33 35 30 26 27 14 12 15 23 16 8 21 22 24 19 25 17 18 10 11 7 6 5 4 2 3 0 1 13 9 20 29 
28 34 37 36 31 32 33 35 30 26 27 14 12 15 23 16 8 21 22 24 19 25 17 18 10 11 7 6 5 4 2 3 0 1 13 9 20 29 
28 34 37 36 31 32 33 35 30 26 27 14 12 15 23 16 8 21 22 24 19 25 17 18 10 11 7 6 5 4 2 3 0 1 13 9 20 29 
28 34 37 36 31 32 33 35 30 26 27 14 12 15 23 16 8 21 22 24 19 25 17 18 10 11 7 6 5 4 2 3 0 1 13 9 20 29 
28 34 37 36 31 32 33 35 30 26 27 14 12 15 23 16 8 21 22 24 19 25 17 18 10 11 7 6 5 4 2 3 0 1 13 9 20 29 
28 34 37 36 31 32 33 35 30 26 27 14 12 15 23 16 8 21 22 24 19 25 17 18 10 11 7 6 5 4 2 3 0 1 13 9 20 29 
28 34 37 36 31 32 33 35 30 26 27 14 12 15 23 16 8 21 22 24 19 25 17 18 10 11 7 6 5 4 2 3 0 1 13 9 20 29 
28 34 37 36 31 32 33 35 30 26 27 14 12 15 23 16 8 21 22 24 19 25 17 18 10 11 7 6 5 4 2 3 0 1 13 9 20 29 
28 34 37 36 31 32 33 35 30 26 27 14 12 15 23 16 8 21 22 24 19 25 17 18 10 11 7 6 5 4 2 3 0 1 13 9 20 29 
28 34 37 36 31 32 33 35 30 26 27 14 12 15 23 16 8 21 22 24 19 25 17 18 10 11 7 6 5 4 2 3 0 1 13 9 20 29 
28 34 37 36 31 32 33 35 30 26 27 14 12 15 23 16 8 21 22 24 19 25 17 18 10 11 7 6 5 4 2 3 0 1 13 9 20 29 
28 34 37 36 31 32 33 35 30 26 27 14 12 15 23 16 8 21 22 24 19 25 17 18 10 11 7 6 5 4 2 3 0 1 13 9 20 29 
28 34 37 36 31 32 33 35 30 26 27 14 12 15 23 16 8 21 22 24 19 25 17 18 10 11 7 6 5 4 2 3 0 1 13 9 20 29 
28 34 37 36 31 32 33 35 30 26 27 14 12 15 23 16 8 21 22 24 19 25 17 18 10 11 7 6 5 4 2 3 0 1 13 9 20 29 
28 34 37 36 31 32 33 35 30 26 27 14 12 15 23 16 8 21 22 24 19 25 17 18 10 11 7 6 5 4 2 3 0 1 13 9 20 29 
28 34 37 36 31 32 33 35 30 26 27 14 12 15 23 16 8 21 22 24 19 25 17 18 10 11 7 6 5 4 2 3 0 1 13 9 20 29 
28 34 37 36 31 32 33 35 30 26 27 14 12 15 23 16 8 21 22 24 19 25 17 18 10 11 7 6 5 4 2 3 0 1 13 9 20 29 
28 34 37 36 31 32 33 35 30 26 27 14 12 15 23 16 8 21 22 24 19 25 17 18 10 11 7 6 5 4 2 3 0 1 13 9 20 29 
28 34 37 36 31 32 33 35 30 26 27 14 12 15 23 16 8 21 22 24 19 25 17 18 10 11 7 6 5 4 2 3 0 1 13 9 20 29 
28 34 37 36 31 32 33 35 30 26 27 14 12 15 23 16 8 21 22 24 19 25 17 18 10 11 7 6 5 4 2 3 0 1 13 9 20 29 
28 34 37 36 31 32 33 35 30 26 27 14 12 15 23 16 8 21 22 24 19 25 17 18 10 11 7 6 5 4 2 3 0 1 13 9 20 29 
28 34 37 36 31 32 33 35 30 26 27 14 12 15 23 16 8 21 22 24 19 25 17 18 10 11 7 6 5 4 2 3 0 1 13 9 20 29 
28 34 37 36 31 32 33 35 30 26 27 14 12 15 23 16 8 21 22 24 19 25 17 18 10 11 7 6 5 4 2 3 0 1 13 9 20 29 
28 34 37 36 31 32 33 35 30 26 27 14 12 15 23 16 8 21 22 24 19 25 17 18 10 11 7 6 5 4 2 3 0 1 13 9 20 29 
28 34 37 36 31 32 33 35 30 26 27 14 12 15 23 16 8 21 22 24 19 25 17 18 10 11 7 6 5 4 2 3 0 1 13 9 20 29 
28 34 37 36 31 32 33 35 30 26 27 14 12 15 23 16 8 21 22 24 19 25 17 18 10 11 7 6 5 4 2 3 0 1 13 9 20 29 
28 34 37 36 31 32 33 35 30 26 27 14 12 15 23 16 8 21 22 24 19 25 17 18 10 11 7 6 5 4 2 3 0 1 13 9 20 29 
28 34 37 36 31 32 33 35 30 26 27 14 12 15 23 16 8 21 22 24 19 25 17 18 10 11 7 6 5 4 2 3 0 1 13 9 20 29 
28 34 37 36 31 32 33 35 30 26 27 14 12 15 23 16 8 21 22 24 19 25 17 18 10 11 7 6 5 4 2 3 0 1 13 9 20 29 
28 34 37 36 31 32 33 35 30 26 27 14 12 15 23 16 8 21 22 24 19 25 17 18 10 11 7 6 5 4 2 3 0 1 13 9 20 29 
28 34 37 36 31 32 33 35 30 26 27 14 12 15 23 16 8 21 22 24 19 25 17 18 10 11 7 6 5 4 2 3 0 1 13 9 20 29 
28 34 37 36 31 32 33 35 30 26 27 14 12 15 23 16 8 21 22 24 19 25 17 18 10 11 7 6 5 4 2 3 0 1 13 9 20 29 
28 34 37 36 31 32 33 35 30 26 27 14 12 15 23 16 8 21 22 24 19 25 17 18 10 11 7 6 5 4 2 3 0 1 13 9 20 29 
28 34 37 36 31 32 33 35 30 26 27 14 12 15 23 16 8 21 22 24 19 25 17 18 10 11 7 6 5 4 2 3 0 1 13 9 20 29 
28 34 37 36 31 32 33 35 30 26 27 14 12 15 23 16 8 21 22 24 19 25 17 18 10 11 7 6 5 4 2 3 0 1 13 9 20 29 
28 34 37 36 31 32 33 35 30 26 27 14 12 15 23 16 8 21 22 24 19 25 17 18 10 11 7 6 5 4 2 3 0 1 13 9 20 29 
28 34 37 36 31 32 33 35 30 26 27 14 12 15 23 16 8 21 22 24 19 25 17 18 10 11 7 6 5 4 2 3 0 1 13 9 20 29 
28 34 37 36 31 32 33 35 30 26 27 14 12 15 23 16 8 21 22 24 19 25 17 18 10 11 7 6 5 4 2 3 0 1 13 9 20 29 
28 34 37 36 31 32 33 35 30 26 27 14 12 15 23 16 8 21 22 24 19 25 17 18 10 11 7 6 5 4 2 3 0 1 13 9 20 29 
28 34 37 36 31 32 33 35 30 26 27 14 12 15 23 16 8 21 22 24 19 25 17 18 10 11 7 6 5 4 2 3 0 1 13 9 20 29 
28 34 37 36 31 32 33 35 30 26 27 14 12 15 23 16 8 21 22 24 19 25 17 18 10 11 7 6 5 4 2 3 0 1 13 9 20 29 
28 34 37 36 31 32 33 35 30 26 27 14 12 15 23 16 8 21 22 24 19 25 17 18 10 11 7 6 5 4 2 3 0 1 13 9 20 29 
28 34 37 36 31 32 33 35 30 26 27 14 12 15 23 16 8 21 22 24 19 25 17 18 10 11 7 6 5 4 2 3 0 1 13 9 20 29 
28 34 37 36 31 32 33 35 30 26 27 14 12 15 23 16 8 21 22 24 19 25 17 18 10 11 7 6 5 4 2 3 0 1 13 9 20 29 
28 34 37 36 31 32 33 35 30 26 27 14 12 15 23 16 8 21 22 24 19 25 17 18 10 11 7 6 5 4 2 3 0 1 13 9 20 29 
28 34 37 36 31 32 33 35 30 26 27 14 12 15 23 16 8 21 22 24 19 25 17 18 10 11 7 6 5 4 2 3 0 1 13 9 20 29 
28 34 37 36 31 32 33 35 30 26 27 14 12 15 23 16 8 21 22 24 19 25 17 18 10 11 7 6 5 4 2 3 0 1 13 9 20 29 
28 34 37 36 31 32 33 35 30 26 27 14 12 15 23 16 8 21 22 24 19 25 17 18 10 11 7 6 5 4 2 3 0 1 13 9 20 29 
28 34 37 36 31 32 33 35 30 26 27 14 12 15 23 16 8 21 22 24 19 25 17 18 10 11 7 6 5 4 2 3 0 1 13 9 20 29 
28 34 37 36 31 32 33 35 30 26 27 14 12 15 23 16 8 21 22 24 19 25 17 18 10 11 7 6 5 4 2 3 0 1 13 9 20 29 
28 34 37 36 31 32 33 35 30 26 27 14 12 15 23 16 8 21 22 24 19 25 17 18 10 11 7 6 5 4 2 3 0 1 13 9 20 29 
28 34 37 36 31 32 33 35 30 26 27 14 12 15 23 16 8 21 22 24 19 25 17 18 10 11 7 6 5 4 2 3 0 1 13 9 20 29 
28 34 37 36 31 32 33 35 30 26 27 14 12 15 23 16 8 21 22 24 19 25 17 18 10 11 7 6 5 4 2 3 0 1 13 9 20 29 
28 34 37 36 31 32 33 35 30 26 27 14 12 15 23 16 8 21 22 24 19 25 17 18 10 11 7 6 5 4 2 3 0 1 13 9 20 29 
28 34 37 36 31 32 33 35 30 26 27 14 12 15 23 16 8 21 22 24 19 25 17 18 10 11 7 6 5 4 2 3 0 1 13 9 20 29 
28 34 37 36 31 32 33 35 30 26 27 14 12 15 23 16 8 21 22 24 19 25 17 18 10 11 7 6 5 4 2 3 0 1 13 9 20 29 
28 34 37 36 31 32 33 35 30 26 27 14 12 15 23 16 8 21 22 24 19 25 17 18 10 11 7 6 5 4 2 3 0 1 13 9 20 29 
28 34 37 36 31 32 33 35 30 26 27 14 12 15 23 16 8 21 22 24 19 25 17 18 10 11 7 6 5 4 2 3 0 1 13 9 20 29 
28 34 37 36 31 32 33 35 30 26 27 14 12 15 23 16 8 21 22 24 19 25 17 18 10 11 7 6 5 4 2 3 0 1 13 9 20 29 
28 34 37 36 31 32 33 35 30 26 27 14 12 15 23 16 8 21 22 24 19 25 17 18 10 11 7 6 5 4 2 3 0 1 13 9 20 29 
28 34 37 36 31 32 33 35 30 26 27 14 12 15 23 16 8 21 22 24 19 25 17 18 10 11 7 6 5 4 2 3 0 1 13 9 20 29 
28 34 37 36 31 32 33 35 30 26 27 14 12 15 23 16 8 21 22 24 19 25 17 18 10 11 7 6 5 4 2 3 0 1 13 9 20 29 
28 34 37 36 31 32 33 35 30 26 27 14 12 15 23 16 8 21 22 24 19 25 17 18 10 11 7 6 5 4 2 3 0 1 13 9 20 29 
28 34 37 36 31 32 33 35 30 26 27 14 12 15 23 16 8 21 22 24 19 25 17 18 10 11 7 6 5 4 2 3 0 1 13 9 20 29 
28 34 37 36 31 32 33 35 30 26 27 14 12 15 23 16 8 21 22 24 19 25 17 18 10 11 7 6 5 4 2 3 0 1 13 9 20 29 
28 34 37 36 31 32 33 35 30 26 27 14 12 15 23 16 8 21 22 24 19 25 17 18 10 11 7 6 5 4 2 3 0 1 13 9 20 29 
28 34 37 36 31 32 33 35 30 26 27 14 12 15 23 16 8 21 22 24 19 25 17 18 10 11 7 6 5 4 2 3 0 1 13 9 20 29 
28 34 37 36 31 32 33 35 30 26 27 14 12 15 23 16 8 21 22 24 19 25 17 18 10 11 7 6 5 4 2 3 0 1 13 9 20 29 
28 34 37 36 31 32 33 35 30 26 27 14 12 15 23 16 8 21 22 24 19 25 17 18 10 11 7 6 5 4 2 3 0 1 13 9 20 29 
28 34 37 36 31 32 33 35 30 26 27 14 12 15 23 16 8 21 22 24 19 25 17 18 10 11 7 6 5 4 2 3 0 1 13 9 20 29 
28 34 37 36 31 32 33 35 30 26 27 14 12 15 23 16 8 21 22 24 19 25 17 18 10 11 7 6 5 4 2 3 0 1 13 9 20 29 
28 34 37 36 31 32 33 35 30 26 27 14 12 15 23 16 8 21 22 24 19 25 17 18 10 11 7 6 5 4 2 3 0 1 13 9 20 29 
28 34 37 36 31 32 33 35 30 26 27 14 12 15 23 16 8 21 22 24 19 25 17 18 10 11 7 6 5 4 2 3 0 1 13 9 20 29 
28 34 37 36 31 32 33 35 30 26 27 14 12 15 23 16 8 21 22 24 19 25 17 18 10 11 7 6 5 4 2 3 0 1 13 9 20 29 
28 34 37 36 31 32 33 35 30 26 27 14 12 15 23 16 8 21 22 24 19 25 17 18 10 11 7 6 5 4 2 3 0 1 13 9 20 29 
28 34 37 36 31 32 33 35 30 26 27 14 12 15 23 16 8 21 22 24 19 25 17 18 10 11 7 6 5 4 2 3 0 1 13 9 20 29 
28 34 37 36 31 32 33 35 30 26 27 14 12 15 23 16 8 21 22 24 19 25 17 18 10 11 7 6 5 4 2 3 0 1 13 9 20 29 
28 34 37 36 31 32 33 35 30 26 27 14 12 15 23 16 8 21 22 24 19 25 17 18 10 11 7 6 5 4 2 3 0 1 13 9 20 29 
28 34 37 36 31 32 33 35 30 26 27 14 12 15 23 16 8 21 22 24 19 25 17 18 10 11 7 6 5 4 2 3 0 1 13 9 20 29 
28 34 37 36 31 32 33 35 30 26 27 14 12 15 23 16 8 21 22 24 19 25 17 18 10 11 7 6 5 4 2 3 0 1 13 9 20 29 
28 34 37 36 31 32 33 35 30 26 27 14 12 15 23 16 8 21 22 24 19 25 17 18 10 11 7 6 5 4 2 3 0 1 13 9 20 29 
28 34 37 36 31 32 33 35 30 26 27 14 12 15 23 16 8 21 22 24 19 25 17 18 10 11 7 6 5 4 2 3 0 1 13 9 20 29 
28 34 37 36 31 32 33 35 30 26 27 14 12 15 23 16 8 21 22 24 19 25 17 18 10 11 7 6 5 4 2 3 0 1 13 9 20 29 
28 34 37 36 31 32 33 35 30 26 27 14 12 15 23 16 8 21 22 24 19 25 17 18 10 11 7 6 5 4 2 3 0 1 13 9 20 29 
28 34 37 36 31 32 33 35 30 26 27 14 12 15 23 16 8 21 22 24 19 25 17 18 10 11 7 6 5 4 2 3 0 1 13 9 20 29 
28 34 37 36 31 32 33 35 30 26 27 14 12 15 23 16 8 21 22 24 19 25 17 18 10 11 7 6 5 4 2 3 0 1 13 9 20 29 
28 34 37 36 31 32 33 35 30 26 27 14 12 15 23 16 8 21 22 24 19 25 17 18 10 11 7 6 5 4 2 3 0 1 13 9 20 29 
28 34 37 36 31 32 33 35 30 26 27 14 12 15 23 16 8 21 22 24 19 25 17 18 10 11 7 6 5 4 2 3 0 1 13 9 20 29 
28 34 37 36 31 32 33 35 30 26 27 14 12 15 23 16 8 21 22 24 19 25 17 18 10 11 7 6 5 4 2 3 0 1 13 9 20 29 
28 34 37 36 31 32 33 35 30 26 27 14 12 15 23 16 8 21 22 24 19 25 17 18 10 11 7 6 5 4 2 3 0 1 13 9 20 29 
28 34 37 36 31 32 33 35 30 26 27 14 12 15 23 16 8 21 22 24 19 25 17 18 10 11 7 6 5 4 2 3 0 1 13 9 20 29 
28 34 37 36 31 32 33 35 30 26 27 14 12 15 23 16 8 21 22 24 19 25 17 18 10 11 7 6 5 4 2 3 0 1 13 9 20 29 
28 34 37 36 31 32 33 35 30 26 27 14 12 15 23 16 8 21 22 24 19 25 17 18 10 11 7 6 5 4 2 3 0 1 13 9 20 29 
28 34 37 36 31 32 33 35 30 26 27 14 12 15 23 16 8 21 22 24 19 25 17 18 10 11 7 6 5 4 2 3 0 1 13 9 20 29 
28 34 37 36 31 32 33 35 30 26 27 14 12 15 23 16 8 21 22 24 19 25 17 18 10 11 7 6 5 4 2 3 0 1 13 9 20 29 
28 34 37 36 31 32 33 35 30 26 27 14 12 15 23 16 8 21 22 24 19 25 17 18 10 11 7 6 5 4 2 3 0 1 13 9 20 29 
28 34 37 36 31 32 33 35 30 26 27 14 12 15 23 16 8 21 22 24 19 25 17 18 10 11 7 6 5 4 2 3 0 1 13 9 20 29 
28 34 37 36 31 32 33 35 30 26 27 14 12 15 23 16 8 21 22 24 19 25 17 18 10 11 7 6 5 4 2 3 0 1 13 9 20 29 
28 34 37 36 31 32 33 35 30 26 27 14 12 15 23 16 8 21 22 24 19 25 17 18 10 11 7 6 5 4 2 3 0 1 13 9 20 29 
28 34 37 36 31 32 33 35 30 26 27 14 12 15 23 16 8 21 22 24 19 25 17 18 10 11 7 6 5 4 2 3 0 1 13 9 20 29 
28 34 37 36 31 32 33 35 30 26 27 14 12 15 23 16 8 21 22 24 19 25 17 18 10 11 7 6 5 4 2 3 0 1 13 9 20 29 
28 34 37 36 31 32 33 35 30 26 27 14 12 15 23 16 8 21 22 24 19 25 17 18 10 11 7 6 5 4 2 3 0 1 13 9 20 29 
28 34 37 36 31 32 33 35 30 26 27 14 12 15 23 16 8 21 22 24 19 25 17 18 10 11 7 6 5 4 2 3 0 1 13 9 20 29 
28 34 37 36 31 32 33 35 30 26 27 14 12 15 23 16 8 21 22 24 19 25 17 18 10 11 7 6 5 4 2 3 0 1 13 9 20 29 
28 34 37 36 31 32 33 35 30 26 27 14 12 15 23 16 8 21 22 24 19 25 17 18 10 11 7 6 5 4 2 3 0 1 13 9 20 29 
28 34 37 36 31 32 33 35 30 26 27 14 12 15 23 16 8 21 22 24 19 25 17 18 10 11 7 6 5 4 2 3 0 1 13 9 20 29 
28 34 37 36 31 32 33 35 30 26 27 14 12 15 23 16 8 21 22 24 19 25 17 18 10 11 7 6 5 4 2 3 0 1 13 9 20 29 
28 34 37 36 31 32 33 35 30 26 27 14 12 15 23 16 8 21 22 24 19 25 17 18 10 11 7 6 5 4 2 3 0 1 13 9 20 29 
28 34 37 36 31 32 33 35 30 26 27 14 12 15 23 16 8 21 22 24 19 25 17 18 10 11 7 6 5 4 2 3 0 1 13 9 20 29 
28 34 37 36 31 32 33 35 30 26 27 14 12 15 23 16 8 21 22 24 19 25 17 18 10 11 7 6 5 4 2 3 0 1 13 9 20 29 
28 34 37 36 31 32 33 35 30 26 27 14 12 15 23 16 8 21 22 24 19 25 17 18 10 11 7 6 5 4 2 3 0 1 13 9 20 29 
28 34 37 36 31 32 33 35 30 26 27 14 12 15 23 16 8 21 22 24 19 25 17 18 10 11 7 6 5 4 2 3 0 1 13 9 20 29 
28 34 37 36 31 32 33 35 30 26 27 14 12 15 23 16 8 21 22 24 19 25 17 18 10 11 7 6 5 4 2 3 0 1 13 9 20 29 
28 34 37 36 31 32 33 35 30 26 27 14 12 15 23 16 8 21 22 24 19 25 17 18 10 11 7 6 5 4 2 3 0 1 13 9 20 29 
28 34 37 36 31 32 33 35 30 26 27 14 12 15 23 16 8 21 22 24 19 25 17 18 10 11 7 6 5 4 2 3 0 1 13 9 20 29 
28 34 37 36 31 32 33 35 30 26 27 14 12 15 23 16 8 21 22 24 19 25 17 18 10 11 7 6 5 4 2 3 0 1 13 9 20 29 
28 34 37 36 31 32 33 35 30 26 27 14 12 15 23 16 8 21 22 24 19 25 17 18 10 11 7 6 5 4 2 3 0 1 13 9 20 29 
28 34 37 36 31 32 33 35 30 26 27 14 12 15 23 16 8 21 22 24 19 25 17 18 10 11 7 6 5 4 2 3 0 1 13 9 20 29 
28 34 37 36 31 32 33 35 30 26 27 14 12 15 23 16 8 21 22 24 19 25 17 18 10 11 7 6 5 4 2 3 0 1 13 9 20 29 
28 34 37 36 31 32 33 35 30 26 27 14 12 15 23 16 8 21 22 24 19 25 17 18 10 11 7 6 5 4 2 3 0 1 13 9 20 29 
28 34 37 36 31 32 33 35 30 26 27 14 12 15 23 16 8 21 22 24 19 25 17 18 10 11 7 6 5 4 2 3 0 1 13 9 20 29 
28 34 37 36 31 32 33 35 30 26 27 14 12 15 23 16 8 21 22 24 19 25 17 18 10 11 7 6 5 4 2 3 0 1 13 9 20 29 
28 34 37 36 31 32 33 35 30 26 27 14 12 15 23 16 8 21 22 24 19 25 17 18 10 11 7 6 5 4 2 3 0 1 13 9 20 29 
28 34 37 36 31 32 33 35 30 26 27 14 12 15 23 16 8 21 22 24 19 25 17 18 10 11 7 6 5 4 2 3 0 1 13 9 20 29 
28 34 37 36 31 32 33 35 30 26 27 14 12 15 23 16 8 21 22 24 19 25 17 18 10 11 7 6 5 4 2 3 0 1 13 9 20 29 
28 34 37 36 31 32 33 35 30 26 27 14 12 15 23 16 8 21 22 24 19 25 17 18 10 11 7 6 5 4 2 3 0 1 13 9 20 29 
28 34 37 36 31 32 33 35 30 26 27 14 12 15 23 16 8 21 22 24 19 25 17 18 10 11 7 6 5 4 2 3 0 1 13 9 20 29 
28 34 37 36 31 32 33 35 30 26 27 14 12 15 23 16 8 21 22 24 19 25 17 18 10 11 7 6 5 4 2 3 0 1 13 9 20 29 
28 34 37 36 31 32 33 35 30 26 27 14 12 15 23 16 8 21 22 24 19 25 17 18 10 11 7 6 5 4 2 3 0 1 13 9 20 29 
28 34 37 36 31 32 33 35 30 26 27 14 12 15 23 16 8 21 22 24 19 25 17 18 10 11 7 6 5 4 2 3 0 1 13 9 20 29 
28 34 37 36 31 32 33 35 30 26 27 14 12 15 23 16 8 21 22 24 19 25 17 18 10 11 7 6 5 4 2 3 0 1 13 9 20 29 
28 34 37 36 31 32 33 35 30 26 27 14 12 15 23 16 8 21 22 24 19 25 17 18 10 11 7 6 5 4 2 3 0 1 13 9 20 29 
28 34 37 36 31 32 33 35 30 26 27 14 12 15 23 16 8 21 22 24 19 25 17 18 10 11 7 6 5 4 2 3 0 1 13 9 20 29 
28 34 37 36 31 32 33 35 30 26 27 14 12 15 23 16 8 21 22 24 19 25 17 18 10 11 7 6 5 4 2 3 0 1 13 9 20 29 
28 34 37 36 31 32 33 35 30 26 27 14 12 15 23 16 8 21 22 24 19 25 17 18 10 11 7 6 5 4 2 3 0 1 13 9 20 29 
28 34 37 36 31 32 33 35 30 26 27 14 12 15 23 16 8 21 22 24 19 25 17 18 10 11 7 6 5 4 2 3 0 1 13 9 20 29 
28 34 37 36 31 32 33 35 30 26 27 14 12 15 23 16 8 21 22 24 19 25 17 18 10 11 7 6 5 4 2 3 0 1 13 9 20 29 
28 34 37 36 31 32 33 35 30 26 27 14 12 15 23 16 8 21 22 24 19 25 17 18 10 11 7 6 5 4 2 3 0 1 13 9 20 29 
28 34 37 36 31 32 33 35 30 26 27 14 12 15 23 16 8 21 22 24 19 25 17 18 10 11 7 6 5 4 2 3 0 1 13 9 20 29 
28 34 37 36 31 32 33 35 30 26 27 14 12 15 23 16 8 21 22 24 19 25 17 18 10 11 7 6 5 4 2 3 0 1 13 9 20 29 
28 34 37 36 31 32 33 35 30 26 27 14 12 15 23 16 8 21 22 24 19 25 17 18 10 11 7 6 5 4 2 3 0 1 13 9 20 29 
28 34 37 36 31 32 33 35 30 26 27 14 12 15 23 16 8 21 22 24 19 25 17 18 10 11 7 6 5 4 2 3 0 1 13 9 20 29 
28 34 37 36 31 32 33 35 30 26 27 14 12 15 23 16 8 21 22 24 19 25 17 18 10 11 7 6 5 4 2 3 0 1 13 9 20 29 
28 34 37 36 31 32 33 35 30 26 27 14 12 15 23 16 8 21 22 24 19 25 17 18 10 11 7 6 5 4 2 3 0 1 13 9 20 29 
28 34 37 36 31 32 33 35 30 26 27 14 12 15 23 16 8 21 22 24 19 25 17 18 10 11 7 6 5 4 2 3 0 1 13 9 20 29 
28 34 37 36 31 32 33 35 30 26 27 14 12 15 23 16 8 21 22 24 19 25 17 18 10 11 7 6 5 4 2 3 0 1 13 9 20 29 
28 34 37 36 31 32 33 35 30 26 27 14 12 15 23 16 8 21 22 24 19 25 17 18 10 11 7 6 5 4 2 3 0 1 13 9 20 29 
28 34 37 36 31 32 33 35 30 26 27 14 12 15 23 16 8 21 22 24 19 25 17 18 10 11 7 6 5 4 2 3 0 1 13 9 20 29 
28 34 37 36 31 32 33 35 30 26 27 14 12 15 23 16 8 21 22 24 19 25 17 18 10 11 7 6 5 4 2 3 0 1 13 9 20 29 
28 22 24 29 31 34 37 36 33 26 32 35 30 27 16 11 10 12 19 23 25 21 17 15 18 7 8 4 6 14 3 5 2 1 0 9 20 13 
28 22 24 29 31 34 37 36 33 26 32 35 30 27 16 11 10 12 19 23 25 21 17 15 18 7 8 4 6 14 3 5 2 1 0 9 20 13 
28 22 24 29 31 34 37 36 33 26 32 35 30 27 16 11 10 12 19 23 25 21 17 15 18 7 8 4 6 14 3 5 2 1 0 9 20 13 
28 31 29 22 25 34 32 36 37 35 30 33 26 27 23 19 21 12 24 14 17 10 18 11 16 15 3 5 6 7 8 4 2 0 1 13 9 20 
28 31 29 22 25 34 32 36 37 35 30 33 26 27 23 19 21 12 24 14 17 10 18 11 16 15 3 5 6 7 8 4 2 0 1 13 9 20 
28 31 29 22 25 34 32 36 37 35 30 33 26 27 23 19 21 12 24 14 17 10 18 11 16 15 3 5 6 7 8 4 2 0 1 13 9 20 
28 31 29 22 25 34 32 36 37 35 30 33 26 27 23 19 21 12 24 14 17 10 18 11 16 15 3 5 6 7 8 4 2 0 1 13 9 20 
28 31 29 22 25 34 32 36 37 35 30 33 26 27 23 19 21 12 24 14 17 10 18 11 16 15 3 5 6 7 8 4 2 0 1 13 9 20 
28 31 29 22 25 34 32 36 37 35 30 33 26 27 23 19 21 12 24 14 17 10 18 11 16 15 3 5 6 7 8 4 2 0 1 13 9 20 
28 31 29 22 25 34 32 36 37 35 30 33 26 27 23 19 21 12 24 14 17 10 18 11 16 15 3 5 6 7 8 4 2 0 1 13 9 20 
28 31 29 22 25 34 32 36 37 35 30 33 26 27 23 19 21 12 24 14 17 10 18 11 16 15 3 5 6 7 8 4 2 0 1 13 9 20 
28 31 29 22 25 34 32 36 37 35 30 33 26 27 23 19 21 12 24 14 17 10 18 11 16 15 3 5 6 7 8 4 2 0 1 13 9 20 
28 31 29 22 25 34 32 36 37 35 30 33 26 27 23 19 21 12 24 14 17 10 18 11 16 15 3 5 6 7 8 4 2 0 1 13 9 20 
28 31 29 22 25 34 32 36 37 35 30 33 26 27 23 19 21 12 24 14 17 10 18 11 16 15 3 5 6 7 8 4 2 0 1 13 9 20 
28 31 29 22 25 34 32 36 37 35 30 33 26 27 23 19 21 12 24 14 17 10 18 11 16 15 3 5 6 7 8 4 2 0 1 13 9 20 
28 31 29 22 25 34 32 36 37 35 30 33 26 27 23 19 21 12 24 14 17 10 18 11 16 15 3 5 6 7 8 4 2 0 1 13 9 20 
28 31 29 22 25 34 32 36 37 35 30 33 26 27 23 19 21 12 24 14 17 10 18 11 16 15 3 5 6 7 8 4 2 0 1 13 9 20 
28 31 29 22 25 34 32 36 37 35 30 33 26 27 23 19 21 12 24 14 17 10 18 11 16 15 3 5 6 7 8 4 2 0 1 13 9 20 
28 31 29 22 25 34 32 36 37 35 30 33 26 27 23 19 21 12 24 14 17 10 18 11 16 15 3 5 6 7 8 4 2 0 1 13 9 20 
28 31 29 22 25 34 32 36 37 35 30 33 26 27 23 19 21 12 24 14 17 10 18 11 16 15 3 5 6 7 8 4 2 0 1 13 9 20 
28 31 29 22 25 34 32 36 37 35 30 33 26 27 23 19 21 12 24 14 17 10 18 11 16 15 3 5 6 7 8 4 2 0 1 13 9 20 
28 31 29 22 25 34 32 36 37 35 30 33 26 27 23 19 21 12 24 14 17 10 18 11 16 15 3 5 6 7 8 4 2 0 1 13 9 20 
28 31 29 22 25 34 32 36 37 35 30 33 26 27 23 19 21 12 24 14 17 10 18 11 16 15 3 5 6 7 8 4 2 0 1 13 9 20 
28 31 29 22 25 34 32 36 37 35 30 33 26 27 23 19 21 12 24 14 17 10 18 11 16 15 3 5 6 7 8 4 2 0 1 13 9 20 
28 31 29 22 25 34 32 36 37 35 30 33 26 27 23 19 21 12 24 14 17 10 18 11 16 15 3 5 6 7 8 4 2 0 1 13 9 20 
28 31 29 22 25 34 32 36 37 35 30 33 26 27 23 19 21 12 24 14 17 10 18 11 16 15 3 5 6 7 8 4 2 0 1 13 9 20 
28 31 29 22 25 34 32 36 37 35 30 33 26 27 23 19 21 12 24 14 17 10 18 11 16 15 3 5 6 7 8 4 2 0 1 13 9 20 
28 31 29 22 25 34 32 36 37 35 30 33 26 27 23 19 21 12 24 14 17 10 18 11 16 15 3 5 6 7 8 4 2 0 1 13 9 20 
28 31 29 22 25 34 32 36 37 35 30 33 26 27 23 19 21 12 24 14 17 10 18 11 16 15 3 5 6 7 8 4 2 0 1 13 9 20 
28 31 29 22 25 34 32 36 37 35 30 33 26 27 23 19 21 12 24 14 17 10 18 11 16 15 3 5 6 7 8 4 2 0 1 13 9 20 
28 31 29 22 25 34 32 36 37 35 30 33 26 27 23 19 21 12 24 14 17 10 18 11 16 15 3 5 6 7 8 4 2 0 1 13 9 20 
28 31 29 22 25 34 32 36 37 35 30 33 26 27 23 19 21 12 24 14 17 10 18 11 16 15 3 5 6 7 8 4 2 0 1 13 9 20 
28 31 29 22 25 34 32 36 37 35 30 33 26 27 23 19 21 12 24 14 17 10 18 11 16 15 3 5 6 7 8 4 2 0 1 13 9 20 
28 31 29 22 25 34 32 36 37 35 30 33 26 27 23 19 21 12 24 14 17 10 18 11 16 15 3 5 6 7 8 4 2 0 1 13 9 20 
28 31 29 22 25 34 32 36 37 35 30 33 26 27 23 19 21 12 24 14 17 10 18 11 16 15 3 5 6 7 8 4 2 0 1 13 9 20 
28 31 29 22 25 34 32 36 37 35 30 33 26 27 23 19 21 12 24 14 17 10 18 11 16 15 3 5 6 7 8 4 2 0 1 13 9 20 
28 31 29 22 25 34 32 36 37 35 30 33 26 27 23 19 21 12 24 14 17 10 18 11 16 15 3 5 6 7 8 4 2 0 1 13 9 20 
28 31 29 22 25 34 32 36 37 35 30 33 26 27 23 19 21 12 24 14 17 10 18 11 16 15 3 5 6 7 8 4 2 0 1 13 9 20 
28 31 29 22 25 34 32 36 37 35 30 33 26 27 23 19 21 12 24 14 17 10 18 11 16 15 3 5 6 7 8 4 2 0 1 13 9 20 
28 31 29 22 25 34 32 36 37 35 30 33 26 27 23 19 21 12 24 14 17 10 18 11 16 15 3 5 6 7 8 4 2 0 1 13 9 20 
28 31 29 22 25 34 32 36 37 35 30 33 26 27 23 19 21 12 24 14 17 10 18 11 16 15 3 5 6 7 8 4 2 0 1 13 9 20 
28 31 29 22 25 34 32 36 37 35 30 33 26 27 23 19 21 12 24 14 17 10 18 11 16 15 3 5 6 7 8 4 2 0 1 13 9 20 
28 31 29 22 25 34 32 36 37 35 30 33 26 27 23 19 21 12 24 14 17 10 18 11 16 15 3 5 6 7 8 4 2 0 1 13 9 20 
28 31 29 22 25 34 32 36 37 35 30 33 26 27 23 19 21 12 24 14 17 10 18 11 16 15 3 5 6 7 8 4 2 0 1 13 9 20 
28 31 29 22 25 34 32 36 37 35 30 33 26 27 23 19 21 12 24 14 17 10 18 11 16 15 3 5 6 7 8 4 2 0 1 13 9 20 
28 31 29 22 25 34 32 36 37 35 30 33 26 27 23 19 21 12 24 14 17 10 18 11 16 15 3 5 6 7 8 4 2 0 1 13 9 20 
28 31 29 22 25 34 32 36 37 35 30 33 26 27 23 19 21 12 24 14 17 10 18 11 16 15 3 5 6 7 8 4 2 0 1 13 9 20 
28 31 29 22 25 34 32 36 37 35 30 33 26 27 23 19 21 12 24 14 17 10 18 11 16 15 3 5 6 7 8 4 2 0 1 13 9 20 
28 31 29 22 25 34 32 36 37 35 30 33 26 27 23 19 21 12 24 14 17 10 18 11 16 15 3 5 6 7 8 4 2 0 1 13 9 20 
28 31 29 22 25 34 32 36 37 35 30 33 26 27 23 19 21 12 24 14 17 10 18 11 16 15 3 5 6 7 8 4 2 0 1 13 9 20 
28 31 29 22 25 34 32 36 37 35 30 33 26 27 23 19 21 12 24 14 17 10 18 11 16 15 3 5 6 7 8 4 2 0 1 13 9 20 
28 31 29 22 25 34 32 36 37 35 30 33 26 27 23 19 21 12 24 14 17 10 18 11 16 15 3 5 6 7 8 4 2 0 1 13 9 20 
28 31 29 22 25 34 32 36 37 35 30 33 26 27 23 19 21 12 24 14 17 10 18 11 16 15 3 5 6 7 8 4 2 0 1 13 9 20 
28 31 29 22 25 34 32 36 37 35 30 33 26 27 23 19 21 12 24 14 17 10 18 11 16 15 3 5 6 7 8 4 2 0 1 13 9 20 
28 31 29 22 25 34 32 36 37 35 30 33 26 27 23 19 21 12 24 14 17 10 18 11 16 15 3 5 6 7 8 4 2 0 1 13 9 20 
28 31 29 22 25 34 32 36 37 35 30 33 26 27 23 19 21 12 24 14 17 10 18 11 16 15 3 5 6 7 8 4 2 0 1 13 9 20 
28 31 29 22 25 34 32 36 37 35 30 33 26 27 23 19 21 12 24 14 17 10 18 11 16 15 3 5 6 7 8 4 2 0 1 13 9 20 
28 31 29 22 25 34 32 36 37 35 30 33 26 27 23 19 21 12 24 14 17 10 18 11 16 15 3 5 6 7 8 4 2 0 1 13 9 20 
28 31 29 22 25 34 32 36 37 35 30 33 26 27 23 19 21 12 24 14 17 10 18 11 16 15 3 5 6 7 8 4 2 0 1 13 9 20 
28 31 29 22 25 34 32 36 37 35 30 33 26 27 23 19 21 12 24 14 17 10 18 11 16 15 3 5 6 7 8 4 2 0 1 13 9 20 
28 31 29 22 25 34 32 36 37 35 30 33 26 27 23 19 21 12 24 14 17 10 18 11 16 15 3 5 6 7 8 4 2 0 1 13 9 20 
28 31 29 22 25 34 32 36 37 35 30 33 26 27 23 19 21 12 24 14 17 10 18 11 16 15 3 5 6 7 8 4 2 0 1 13 9 20 
28 31 29 22 25 34 32 36 37 35 30 33 26 27 23 19 21 12 24 14 17 10 18 11 16 15 3 5 6 7 8 4 2 0 1 13 9 20 
28 31 29 22 25 34 32 36 37 35 30 33 26 27 23 19 21 12 24 14 17 10 18 11 16 15 3 5 6 7 8 4 2 0 1 13 9 20 
28 31 29 22 25 34 32 36 37 35 30 33 26 27 23 19 21 12 24 14 17 10 18 11 16 15 3 5 6 7 8 4 2 0 1 13 9 20 
28 31 29 22 25 34 32 36 37 35 30 33 26 27 23 19 21 12 24 14 17 10 18 11 16 15 3 5 6 7 8 4 2 0 1 13 9 20 
28 31 29 22 25 34 32 36 37 35 30 33 26 27 23 19 21 12 24 14 17 10 18 11 16 15 3 5 6 7 8 4 2 0 1 13 9 20 
28 31 29 22 25 34 32 36 37 35 30 33 26 27 23 19 21 12 24 14 17 10 18 11 16 15 3 5 6 7 8 4 2 0 1 13 9 20 
28 31 29 22 25 34 32 36 37 35 30 33 26 27 23 19 21 12 24 14 17 10 18 11 16 15 3 5 6 7 8 4 2 0 1 13 9 20 
28 31 29 22 25 34 32 36 37 35 30 33 26 27 23 19 21 12 24 14 17 10 18 11 16 15 3 5 6 7 8 4 2 0 1 13 9 20 
28 31 29 22 25 34 32 36 37 35 30 33 26 27 23 19 21 12 24 14 17 10 18 11 16 15 3 5 6 7 8 4 2 0 1 13 9 20 
28 31 29 22 25 34 32 36 37 35 30 33 26 27 23 19 21 12 24 14 17 10 18 11 16 15 3 5 6 7 8 4 2 0 1 13 9 20 
28 31 29 22 25 34 32 36 37 35 30 33 26 27 23 19 21 12 24 14 17 10 18 11 16 15 3 5 6 7 8 4 2 0 1 13 9 20 
28 31 29 22 25 34 32 36 37 35 30 33 26 27 23 19 21 12 24 14 17 10 18 11 16 15 3 5 6 7 8 4 2 0 1 13 9 20 
28 31 29 22 25 34 32 36 37 35 30 33 26 27 23 19 21 12 24 14 17 10 18 11 16 15 3 5 6 7 8 4 2 0 1 13 9 20 
28 31 29 22 25 34 32 36 37 35 30 33 26 27 23 19 21 12 24 14 17 10 18 11 16 15 3 5 6 7 8 4 2 0 1 13 9 20 
28 31 29 22 25 34 32 36 37 35 30 33 26 27 23 19 21 12 24 14 17 10 18 11 16 15 3 5 6 7 8 4 2 0 1 13 9 20 
28 31 29 22 25 34 32 36 37 35 30 33 26 27 23 19 21 12 24 14 17 10 18 11 16 15 3 5 6 7 8 4 2 0 1 13 9 20 
28 31 29 22 25 34 32 36 37 35 30 33 26 27 23 19 21 12 24 14 17 10 18 11 16 15 3 5 6 7 8 4 2 0 1 13 9 20 
28 31 29 22 25 34 32 36 37 35 30 33 26 27 23 19 21 12 24 14 17 10 18 11 16 15 3 5 6 7 8 4 2 0 1 13 9 20 
28 31 29 22 25 34 32 36 37 35 30 33 26 27 23 19 21 12 24 14 17 10 18 11 16 15 3 5 6 7 8 4 2 0 1 13 9 20 
28 31 29 22 25 34 32 36 37 35 30 33 26 27 23 19 21 12 24 14 17 10 18 11 16 15 3 5 6 7 8 4 2 0 1 13 9 20 
28 31 29 22 25 34 32 36 37 35 30 33 26 27 23 19 21 12 24 14 17 10 18 11 16 15 3 5 6 7 8 4 2 0 1 13 9 20 
28 31 29 22 25 34 32 36 37 35 30 33 26 27 23 19 21 12 24 14 17 10 18 11 16 15 3 5 6 7 8 4 2 0 1 13 9 20 
28 31 29 22 25 34 32 36 37 35 30 33 26 27 23 19 21 12 24 14 17 10 18 11 16 15 3 5 6 7 8 4 2 0 1 13 9 20 
28 31 29 22 25 34 32 36 37 35 30 33 26 27 23 19 21 12 24 14 17 10 18 11 16 15 3 5 6 7 8 4 2 0 1 13 9 20 
28 31 29 22 25 34 32 36 37 35 30 33 26 27 23 19 21 12 24 14 17 10 18 11 16 15 3 5 6 7 8 4 2 0 1 13 9 20 
28 31 29 22 25 34 32 36 37 35 30 33 26 27 23 19 21 12 24 14 17 10 18 11 16 15 3 5 6 7 8 4 2 0 1 13 9 20 
28 31 29 22 25 34 32 36 37 35 30 33 26 27 23 19 21 12 24 14 17 10 18 11 16 15 3 5 6 7 8 4 2 0 1 13 9 20 
28 31 29 22 25 34 32 36 37 35 30 33 26 27 23 19 21 12 24 14 17 10 18 11 16 15 3 5 6 7 8 4 2 0 1 13 9 20 
28 31 29 22 25 34 32 36 37 35 30 33 26 27 23 19 21 12 24 14 17 10 18 11 16 15 3 5 6 7 8 4 2 0 1 13 9 20 
28 31 29 22 25 34 32 36 37 35 30 33 26 27 23 19 21 12 24 14 17 10 18 11 16 15 3 5 6 7 8 4 2 0 1 13 9 20 
28 31 29 22 25 34 32 36 37 35 30 33 26 27 23 19 21 12 24 14 17 10 18 11 16 15 3 5 6 7 8 4 2 0 1 13 9 20 
28 31 29 22 25 34 32 36 37 35 30 33 26 27 23 19 21 12 24 14 17 10 18 11 16 15 3 5 6 7 8 4 2 0 1 13 9 20 
28 31 29 22 25 34 32 36 37 35 30 33 26 27 23 19 21 12 24 14 17 10 18 11 16 15 3 5 6 7 8 4 2 0 1 13 9 20 
17 6 5 2 3 1 0 9 20 13 29 28 34 32 33 31 36 37 35 30 27 26 23 21 24 25 22 19 14 7 4 8 12 11 10 16 18 15 
17 6 5 2 3 1 0 9 20 13 29 28 34 32 33 31 36 37 35 30 27 26 23 21 24 25 22 19 14 7 4 8 12 11 10 16 18 15 
17 6 5 2 3 1 0 9 20 13 29 28 34 32 33 31 36 37 35 30 27 26 23 21 24 25 22 19 14 7 4 8 12 11 10 16 18 15 
17 6 5 2 3 1 0 9 20 13 29 28 34 32 33 31 36 37 35 30 27 26 23 21 24 25 22 19 14 7 4 8 12 11 10 16 18 15 
17 6 5 2 3 1 0 9 20 13 29 28 34 32 33 31 36 37 35 30 27 26 23 21 24 25 22 19 14 7 4 8 12 11 10 16 18 15 
17 6 5 2 3 1 0 9 20 13 29 28 34 32 33 31 36 37 35 30 27 26 23 21 24 25 22 19 14 7 4 8 12 11 10 16 18 15 
17 6 5 2 3 1 0 9 20 13 29 28 34 32 33 31 36 37 35 30 27 26 23 21 24 25 22 19 14 7 4 8 12 11 10 16 18 15 
17 6 5 2 3 1 0 9 20 13 29 28 34 32 33 31 36 37 35 30 27 26 23 21 24 25 22 19 14 7 4 8 12 11 10 16 18 15 
17 6 5 2 3 1 0 9 20 13 29 28 34 32 33 31 36 37 35 30 27 26 23 21 24 25 22 19 14 7 4 8 12 11 10 16 18 15 
17 6 5 2 3 1 0 9 20 13 29 28 34 32 33 31 36 37 35 30 27 26 23 21 24 25 22 19 14 7 4 8 12 11 10 16 18 15 
17 6 5 2 3 1 0 9 20 13 29 28 34 32 33 31 36 37 35 30 27 26 23 21 24 25 22 19 14 7 4 8 12 11 10 16 18 15 
17 6 5 2 3 1 0 9 20 13 29 28 34 32 33 31 36 37 35 30 27 26 23 21 24 25 22 19 14 7 4 8 12 11 10 16 18 15 
17 6 5 2 3 1 0 9 20 13 29 28 34 32 33 31 36 37 35 30 27 26 23 21 24 25 22 19 14 7 4 8 12 11 10 16 18 15 
17 6 5 2 3 1 0 9 20 13 29 28 34 32 33 31 36 37 35 30 27 26 23 21 24 25 22 19 14 7 4 8 12 11 10 16 18 15 
17 6 5 2 3 1 0 9 20 13 29 28 34 32 33 31 36 37 35 30 27 26 23 21 24 25 22 19 14 7 4 8 12 11 10 16 18 15 
17 6 5 2 3 1 0 9 20 13 29 28 34 32 33 31 36 37 35 30 27 26 23 21 24 25 22 19 14 7 4 8 12 11 10 16 18 15 
17 6 5 2 3 1 0 9 20 13 29 28 34 32 33 31 36 37 35 30 27 26 23 21 24 25 22 19 14 7 4 8 12 11 10 16 18 15 
17 6 5 2 3 1 0 9 20 13 29 28 34 32 33 31 36 37 35 30 27 26 23 21 24 25 22 19 14 7 4 8 12 11 10 16 18 15 
17 6 5 2 3 1 0 9 20 13 29 28 34 32 33 31 36 37 35 30 27 26 23 21 24 25 22 19 14 7 4 8 12 11 10 16 18 15 
17 6 5 2 3 1 0 9 20 13 29 28 34 32 33 31 36 37 35 30 27 26 23 21 24 25 22 19 14 7 4 8 12 11 10 16 18 15 
17 6 5 2 3 1 0 9 20 13 29 28 34 32 33 31 36 37 35 30 27 26 23 21 24 25 22 19 14 7 4 8 12 11 10 16 18 15 
17 6 5 2 3 1 0 9 20 13 29 28 34 32 33 31 36 37 35 30 27 26 23 21 24 25 22 19 14 7 4 8 12 11 10 16 18 15 
17 6 5 2 3 1 0 9 20 13 29 28 34 32 33 31 36 37 35 30 27 26 23 21 24 25 22 19 14 7 4 8 12 11 10 16 18 15 
17 6 5 2 3 1 0 9 20 13 29 28 34 32 33 31 36 37 35 30 27 26 23 21 24 25 22 19 14 7 4 8 12 11 10 16 18 15 
17 6 5 2 3 1 0 9 20 13 29 28 34 32 33 31 36 37 35 30 27 26 23 21 24 25 22 19 14 7 4 8 12 11 10 16 18 15 
17 6 5 2 3 1 0 9 20 13 29 28 34 32 33 31 36 37 35 30 27 26 23 21 24 25 22 19 14 7 4 8 12 11 10 16 18 15 
17 6 5 2 3 1 0 9 20 13 29 28 34 32 33 31 36 37 35 30 27 26 23 21 24 25 22 19 14 7 4 8 12 11 10 16 18 15 
17 6 5 2 3 1 0 9 20 13 29 28 34 32 33 31 36 37 35 30 27 26 23 21 24 25 22 19 14 7 4 8 12 11 10 16 18 15 
17 6 5 2 3 1 0 9 20 13 29 28 34 32 33 31 36 37 35 30 27 26 23 21 24 25 22 19 14 7 4 8 12 11 10 16 18 15 
17 6 5 2 3 1 0 9 20 13 29 28 34 32 33 31 36 37 35 30 27 26 23 21 24 25 22 19 14 7 4 8 12 11 10 16 18 15 
17 6 5 2 3 1 0 9 20 13 29 28 34 32 33 31 36 37 35 30 27 26 23 21 24 25 22 19 14 7 4 8 12 11 10 16 18 15 
17 6 5 2 3 1 0 9 20 13 29 28 34 32 33 31 36 37 35 30 27 26 23 21 24 25 22 19 14 7 4 8 12 11 10 16 18 15 
17 6 5 2 3 1 0 9 20 13 29 28 34 32 33 31 36 37 35 30 27 26 23 21 24 25 22 19 14 7 4 8 12 11 10 16 18 15 
17 6 5 2 3 1 0 9 20 13 29 28 34 32 33 31 36 37 35 30 27 26 23 21 24 25 22 19 14 7 4 8 12 11 10 16 18 15 
17 6 5 2 3 1 0 9 20 13 29 28 34 32 33 31 36 37 35 30 27 26 23 21 24 25 22 19 14 7 4 8 12 11 10 16 18 15 
17 6 5 2 3 1 0 9 20 13 29 28 34 32 33 31 36 37 35 30 27 26 23 21 24 25 22 19 14 7 4 8 12 11 10 16 18 15 
17 6 5 2 3 1 0 9 20 13 29 28 34 32 33 31 36 37 35 30 27 26 23 21 24 25 22 19 14 7 4 8 12 11 10 16 18 15 
17 6 5 2 3 1 0 9 20 13 29 28 34 32 33 31 36 37 35 30 27 26 23 21 24 25 22 19 14 7 4 8 12 11 10 16 18 15 
17 6 5 2 3 1 0 9 20 13 29 28 34 32 33 31 36 37 35 30 27 26 23 21 24 25 22 19 14 7 4 8 12 11 10 16 18 15 
17 6 5 2 3 1 0 9 20 13 29 28 34 32 33 31 36 37 35 30 27 26 23 21 24 25 22 19 14 7 4 8 12 11 10 16 18 15 
17 6 5 2 3 1 0 9 20 13 29 28 34 32 33 31 36 37 35 30 27 26 23 21 24 25 22 19 14 7 4 8 12 11 10 16 18 15 
17 6 5 2 3 1 0 9 20 13 29 28 34 32 33 31 36 37 35 30 27 26 23 21 24 25 22 19 14 7 4 8 12 11 10 16 18 15 
34 36 32 33 35 37 30 26 27 22 24 25 23 21 19 5 2 4 6 12 14 8 16 17 18 15 11 10 7 3 1 0 9 13 31 28 20 29 
34 36 32 33 35 37 30 26 27 22 24 25 23 21 19 5 2 4 6 12 14 8 16 17 18 15 11 10 7 3 1 0 9 13 31 28 20 29 
34 36 32 33 35 37 30 26 27 22 24 25 23 21 19 5 2 4 6 12 14 8 16 17 18 15 11 10 7 3 1 0 9 13 31 28 20 29 
34 36 32 33 35 37 30 26 27 22 24 25 23 21 19 5 2 4 6 12 14 8 16 17 18 15 11 10 7 3 1 0 9 13 31 28 20 29 
34 36 32 33 35 37 30 26 27 22 24 25 23 21 19 5 2 4 6 12 14 8 16 17 18 15 11 10 7 3 1 0 9 13 31 28 20 29 
34 36 32 33 35 37 30 26 27 22 24 25 23 21 19 5 2 4 6 12 14 8 16 17 18 15 11 10 7 3 1 0 9 13 31 28 20 29 
34 36 32 33 35 37 30 26 27 22 24 25 23 21 19 5 2 4 6 12 14 8 16 17 18 15 11 10 7 3 1 0 9 13 31 28 20 29 
34 36 32 33 35 37 30 26 27 22 24 25 23 21 19 5 2 4 6 12 14 8 16 17 18 15 11 10 7 3 1 0 9 13 31 28 20 29 
34 36 32 33 35 37 30 26 27 22 24 25 23 21 19 5 2 4 6 12 14 8 16 17 18 15 11 10 7 3 1 0 9 13 31 28 20 29 
34 36 32 33 35 37 30 26 27 22 24 25 23 21 19 5 2 4 6 12 14 8 16 17 18 15 11 10 7 3 1 0 9 13 31 28 20 29 
34 36 32 33 35 37 30 26 27 22 24 25 23 21 19 5 2 4 6 12 14 8 16 17 18 15 11 10 7 3 1 0 9 13 31 28 20 29 
34 36 32 33 35 37 30 26 27 22 24 25 23 21 19 5 2 4 6 12 14 8 16 17 18 15 11 10 7 3 1 0 9 13 31 28 20 29 
34 36 32 33 35 37 30 26 27 22 24 25 23 21 19 5 2 4 6 12 14 8 16 17 18 15 11 10 7 3 1 0 9 13 31 28 20 29 
34 36 32 33 35 37 30 26 27 22 24 25 23 21 19 5 2 4 6 12 14 8 16 17 18 15 11 10 7 3 1 0 9 13 31 28 20 29 
34 36 32 33 35 37 30 26 27 22 24 25 23 21 19 5 2 4 6 12 14 8 16 17 18 15 11 10 7 3 1 0 9 13 31 28 20 29 
34 36 32 33 35 37 30 26 27 22 24 25 23 21 19 5 2 4 6 12 14 8 16 17 18 15 11 10 7 3 1 0 9 13 31 28 20 29 
34 36 32 33 35 37 30 26 27 22 24 25 23 21 19 5 2 4 6 12 14 8 16 17 18 15 11 10 7 3 1 0 9 13 31 28 20 29 
34 36 32 33 35 37 30 26 27 22 24 25 23 21 19 5 2 4 6 12 14 8 16 17 18 15 11 10 7 3 1 0 9 13 31 28 20 29 
34 36 32 33 35 37 30 26 27 22 24 25 23 21 19 5 2 4 6 12 14 8 16 17 18 15 11 10 7 3 1 0 9 13 31 28 20 29 
34 36 32 33 35 37 30 26 27 22 24 25 23 21 19 5 2 4 6 12 14 8 16 17 18 15 11 10 7 3 1 0 9 13 31 28 20 29 
34 36 32 33 35 37 30 26 27 22 24 25 23 21 19 5 2 4 6 12 14 8 16 17 18 15 11 10 7 3 1 0 9 13 31 28 20 29 
34 36 32 33 35 37 30 26 27 22 24 25 23 21 19 5 2 4 6 12 14 8 16 17 18 15 11 10 7 3 1 0 9 13 31 28 20 29 
34 36 32 33 35 37 30 26 27 22 24 25 23 21 19 5 2 4 6 12 14 8 16 17 18 15 11 10 7 3 1 0 9 13 31 28 20 29 
34 36 32 33 35 37 30 26 27 22 24 25 23 21 19 5 2 4 6 12 14 8 16 17 18 15 11 10 7 3 1 0 9 13 31 28 20 29 
34 36 32 33 35 37 30 26 27 22 24 25 23 21 19 5 2 4 6 12 14 8 16 17 18 15 11 10 7 3 1 0 9 13 31 28 20 29 
34 36 32 33 35 37 30 26 27 22 24 25 23 21 19 5 2 4 6 12 14 8 16 17 18 15 11 10 7 3 1 0 9 13 31 28 20 29 
34 36 32 33 35 37 30 26 27 22 24 25 23 21 19 5 2 4 6 12 14 8 16 17 18 15 11 10 7 3 1 0 9 13 31 28 20 29 
34 36 32 33 35 37 30 26 27 22 24 25 23 21 19 5 2 4 6 12 14 8 16 17 18 15 11 10 7 3 1 0 9 13 31 28 20 29 
34 36 32 33 35 37 30 26 27 22 24 25 23 21 19 5 2 4 6 12 14 8 16 17 18 15 11 10 7 3 1 0 9 13 31 28 20 29 
34 36 32 33 35 37 30 26 27 22 24 25 23 21 19 5 2 4 6 12 14 8 16 17 18 15 11 10 7 3 1 0 9 13 31 28 20 29 
34 36 32 33 35 37 30 26 27 22 24 25 23 21 19 5 2 4 6 12 14 8 16 17 18 15 11 10 7 3 1 0 9 13 31 28 20 29 
34 36 32 33 35 37 30 26 27 22 24 25 23 21 19 5 2 4 6 12 14 8 16 17 18 15 11 10 7 3 1 0 9 13 31 28 20 29 
34 36 32 33 35 37 30 26 27 22 24 25 23 21 19 5 2 4 6 12 14 8 16 17 18 15 11 10 7 3 1 0 9 13 31 28 20 29 
34 36 32 33 35 37 30 26 27 22 24 25 23 21 19 5 2 4 6 12 14 8 16 17 18 15 11 10 7 3 1 0 9 13 31 28 20 29 
34 36 32 33 35 37 30 26 27 22 24 25 23 21 19 5 2 4 6 12 14 8 16 17 18 15 11 10 7 3 1 0 9 13 31 28 20 29 
34 36 32 33 35 37 30 26 27 22 24 25 23 21 19 5 2 4 6 12 14 8 16 17 18 15 11 10 7 3 1 0 9 13 31 28 20 29 
34 36 32 33 35 37 30 26 27 22 24 25 23 21 19 5 2 4 6 12 14 8 16 17 18 15 11 10 7 3 1 0 9 13 31 28 20 29 
34 36 32 33 35 37 30 26 27 22 24 25 23 21 19 5 2 4 6 12 14 8 16 17 18 15 11 10 7 3 1 0 9 13 31 28 20 29 
34 36 32 33 35 37 30 26 27 22 24 25 23 21 19 5 2 4 6 12 14 8 16 17 18 15 11 10 7 3 1 0 9 13 31 28 20 29 
34 36 32 33 35 37 30 26 27 22 24 25 23 21 19 5 2 4 6 12 14 8 16 17 18 15 11 10 7 3 1 0 9 13 31 28 20 29 
34 36 32 33 35 37 30 26 27 22 24 25 23 21 19 5 2 4 6 12 14 8 16 17 18 15 11 10 7 3 1 0 9 13 31 28 20 29 
34 36 32 33 35 37 30 26 27 22 24 25 23 21 19 5 2 4 6 12 14 8 16 17 18 15 11 10 7 3 1 0 9 13 31 28 20 29 
34 36 32 33 35 37 30 26 27 22 24 25 23 21 19 5 2 4 6 12 14 8 16 17 18 15 11 10 7 3 1 0 9 13 31 28 20 29 
34 36 32 33 35 37 30 26 27 22 24 25 23 21 19 5 2 4 6 12 14 8 16 17 18 15 11 10 7 3 1 0 9 13 31 28 20 29 
34 36 32 33 35 37 30 26 27 22 24 25 23 21 19 5 2 4 6 12 14 8 16 17 18 15 11 10 7 3 1 0 9 13 31 28 20 29 
34 36 32 33 35 37 30 26 27 22 24 25 23 21 19 5 2 4 6 12 14 8 16 17 18 15 11 10 7 3 1 0 9 13 31 28 20 29 
34 36 32 33 35 37 30 26 27 22 24 25 23 21 19 5 2 4 6 12 14 8 16 17 18 15 11 10 7 3 1 0 9 13 31 28 20 29 
34 36 32 33 35 37 30 26 27 22 24 25 23 21 19 5 2 4 6 12 14 8 16 17 18 15 11 10 7 3 1 0 9 13 31 28 20 29 
34 36 32 33 35 37 30 26 27 22 24 25 23 21 19 5 2 4 6 12 14 8 16 17 18 15 11 10 7 3 1 0 9 13 31 28 20 29 
34 36 32 33 35 37 30 26 27 22 24 25 23 21 19 5 2 4 6 12 14 8 16 17 18 15 11 10 7 3 1 0 9 13 31 28 20 29 
34 36 32 33 35 37 30 26 27 22 24 25 23 21 19 5 2 4 6 12 14 8 16 17 18 15 11 10 7 3 1 0 9 13 31 28 20 29 
34 36 32 33 35 37 30 26 27 22 24 25 23 21 19 5 2 4 6 12 14 8 16 17 18 15 11 10 7 3 1 0 9 13 31 28 20 29 
34 36 32 33 35 37 30 26 27 22 24 25 23 21 19 5 2 4 6 12 14 8 16 17 18 15 11 10 7 3 1 0 9 13 31 28 20 29 
34 36 32 33 35 37 30 26 27 22 24 25 23 21 19 5 2 4 6 12 14 8 16 17 18 15 11 10 7 3 1 0 9 13 31 28 20 29 
34 36 32 33 35 37 30 26 27 22 24 25 23 21 19 5 2 4 6 12 14 8 16 17 18 15 11 10 7 3 1 0 9 13 31 28 20 29 
34 36 32 33 35 37 30 26 27 22 24 25 23 21 19 5 2 4 6 12 14 8 16 17 18 15 11 10 7 3 1 0 9 13 31 28 20 29 
34 36 32 33 35 37 30 26 27 22 24 25 23 21 19 5 2 4 6 12 14 8 16 17 18 15 11 10 7 3 1 0 9 13 31 28 20 29 
34 36 32 33 35 37 30 26 27 22 24 25 23 21 19 5 2 4 6 12 14 8 16 17 18 15 11 10 7 3 1 0 9 13 31 28 20 29 
34 36 32 33 35 37 30 26 27 22 24 25 23 21 19 5 2 4 6 12 14 8 16 17 18 15 11 10 7 3 1 0 9 13 31 28 20 29 
34 36 32 33 35 37 30 26 27 22 24 25 23 21 19 5 2 4 6 12 14 8 16 17 18 15 11 10 7 3 1 0 9 13 31 28 20 29 
34 36 32 33 35 37 30 26 27 22 24 25 23 21 19 5 2 4 6 12 14 8 16 17 18 15 11 10 7 3 1 0 9 13 31 28 20 29 
34 36 32 33 35 37 30 26 27 22 24 25 23 21 19 5 2 4 6 12 14 8 16 17 18 15 11 10 7 3 1 0 9 13 31 28 20 29 
34 36 32 33 35 37 30 26 27 22 24 25 23 21 19 5 2 4 6 12 14 8 16 17 18 15 11 10 7 3 1 0 9 13 31 28 20 29 
34 36 32 33 35 37 30 26 27 22 24 25 23 21 19 5 2 4 6 12 14 8 16 17 18 15 11 10 7 3 1 0 9 13 31 28 20 29 
34 36 32 33 35 37 30 26 27 22 24 25 23 21 19 5 2 4 6 12 14 8 16 17 18 15 11 10 7 3 1 0 9 13 31 28 20 29 
22 14 19 24 21 25 28 20 13 9 0 1 3 12 5 2 4 6 8 7 10 16 17 15 18 11 23 27 26 30 35 32 33 37 36 34 31 29 
22 14 19 24 21 25 28 20 13 9 0 1 3 12 5 2 4 6 8 7 10 16 17 15 18 11 23 27 26 30 35 32 33 37 36 34 31 29 
22 14 19 24 21 25 28 20 13 9 0 1 3 12 5 2 4 6 8 7 10 16 17 15 18 11 23 27 26 30 35 32 33 37 36 34 31 29 
22 14 19 24 21 25 28 20 13 9 0 1 3 12 5 2 4 6 8 7 10 16 17 15 18 11 23 27 26 30 35 32 33 37 36 34 31 29 
22 14 19 24 21 25 28 20 13 9 0 1 3 12 5 2 4 6 8 7 10 16 17 15 18 11 23 27 26 30 35 32 33 37 36 34 31 29 
22 14 19 24 21 25 28 20 13 9 0 1 3 12 5 2 4 6 8 7 10 16 17 15 18 11 23 27 26 30 35 32 33 37 36 34 31 29 
22 14 19 24 21 25 28 20 13 9 0 1 3 12 5 2 4 6 8 7 10 16 17 15 18 11 23 27 26 30 35 32 33 37 36 34 31 29 
22 14 19 24 21 25 28 20 13 9 0 1 3 12 5 2 4 6 8 7 10 16 17 15 18 11 23 27 26 30 35 32 33 37 36 34 31 29 
22 14 19 24 21 25 28 20 13 9 0 1 3 12 5 2 4 6 8 7 10 16 17 15 18 11 23 27 26 30 35 32 33 37 36 34 31 29 
22 14 19 24 21 25 28 20 13 9 0 1 3 12 5 2 4 6 8 7 10 16 17 15 18 11 23 27 26 30 35 32 33 37 36 34 31 29 
22 14 19 24 21 25 28 20 13 9 0 1 3 12 5 2 4 6 8 7 10 16 17 15 18 11 23 27 26 30 35 32 33 37 36 34 31 29 
22 14 19 24 21 25 28 20 13 9 0 1 3 12 5 2 4 6 8 7 10 16 17 15 18 11 23 27 26 30 35 32 33 37 36 34 31 29 
22 14 19 24 21 25 28 20 13 9 0 1 3 12 5 2 4 6 8 7 10 16 17 15 18 11 23 27 26 30 35 32 33 37 36 34 31 29 
22 14 19 24 21 25 28 20 13 9 0 1 3 12 5 2 4 6 8 7 10 16 17 15 18 11 23 27 26 30 35 32 33 37 36 34 31 29 
22 14 19 24 21 25 28 20 13 9 0 1 3 12 5 2 4 6 8 7 10 16 17 15 18 11 23 27 26 30 35 32 33 37 36 34 31 29 
22 14 19 24 21 25 28 20 13 9 0 1 3 12 5 2 4 6 8 7 10 16 17 15 18 11 23 27 26 30 35 32 33 37 36 34 31 29 
22 14 19 24 21 25 28 20 13 9 0 1 3 12 5 2 4 6 8 7 10 16 17 15 18 11 23 27 26 30 35 32 33 37 36 34 31 29 
22 14 19 24 21 25 28 20 13 9 0 1 3 12 5 2 4 6 8 7 10 16 17 15 18 11 23 27 26 30 35 32 33 37 36 34 31 29 
22 14 19 24 21 25 28 20 13 9 0 1 3 12 5 2 4 6 8 7 10 16 17 15 18 11 23 27 26 30 35 32 33 37 36 34 31 29 
22 14 19 24 21 25 28 20 13 9 0 1 3 12 5 2 4 6 8 7 10 16 17 15 18 11 23 27 26 30 35 32 33 37 36 34 31 29 
22 14 19 24 21 25 28 20 13 9 0 1 3 12 5 2 4 6 8 7 10 16 17 15 18 11 23 27 26 30 35 32 33 37 36 34 31 29 
22 14 19 24 21 25 28 20 13 9 0 1 3 12 5 2 4 6 8 7 10 16 17 15 18 11 23 27 26 30 35 32 33 37 36 34 31 29 
35 32 33 37 36 34 31 29 28 20 13 9 1 0 2 3 5 15 17 16 18 10 11 6 4 8 7 12 21 14 19 22 25 24 23 27 26 30 
35 32 33 37 36 34 31 29 28 20 13 9 0 1 3 2 5 15 17 16 18 10 11 6 4 8 7 12 14 21 19 22 25 24 23 27 26 30 
35 32 33 37 36 34 31 29 28 20 13 9 0 1 3 2 5 15 17 16 18 10 11 8 7 4 6 12 14 21 19 22 25 24 23 27 26 30 
35 32 33 37 36 34 31 29 28 20 13 9 0 1 3 2 5 15 17 16 18 10 11 8 7 4 6 12 14 21 19 22 25 24 23 27 26 30 
35 32 33 37 36 34 31 29 28 20 13 9 0 1 3 2 5 15 17 16 18 10 11 8 7 4 6 12 14 21 19 22 25 24 23 27 26 30 
35 32 33 37 36 34 31 29 28 20 13 9 0 1 3 2 5 15 17 16 18 10 11 8 7 4 6 12 14 21 19 22 25 24 23 27 26 30 
35 32 33 37 36 34 31 29 28 20 13 9 0 1 3 2 5 15 17 16 18 10 11 8 7 4 6 12 14 21 19 22 25 24 23 27 26 30 
35 32 33 37 36 34 31 29 28 20 13 9 0 1 3 2 5 15 17 16 18 10 11 8 7 4 6 12 14 21 19 22 25 24 23 27 26 30 
35 32 33 37 36 34 31 29 28 20 13 9 0 1 3 2 5 15 17 16 18 10 11 8 7 4 6 12 14 21 19 22 25 24 23 27 26 30 
35 32 33 37 36 34 31 29 28 20 13 9 0 1 3 2 5 15 17 16 18 10 11 8 7 4 6 12 14 21 19 22 25 24 23 27 26 30 
35 32 33 37 36 34 31 29 28 20 13 9 0 1 3 2 5 15 17 16 18 10 11 8 7 4 6 12 14 21 19 22 25 24 23 27 26 30 
35 32 33 37 36 34 31 29 28 20 13 9 0 1 3 2 5 15 17 16 18 10 11 8 7 4 6 12 14 21 19 22 25 24 23 27 26 30 
35 32 33 37 36 34 31 29 28 20 13 9 0 1 3 2 5 15 17 16 18 10 11 8 7 4 6 12 14 21 19 22 25 24 23 27 26 30 
35 32 33 37 36 34 31 29 28 20 13 9 0 1 3 2 5 15 17 16 18 10 11 8 7 4 6 12 14 21 19 22 25 24 23 27 26 30 
35 32 33 37 36 34 31 29 28 20 13 9 0 1 3 2 5 15 17 16 18 10 11 8 7 4 6 12 14 21 19 22 25 24 23 27 26 30 
35 32 33 37 36 34 31 29 28 20 13 9 0 1 3 2 5 15 17 16 18 10 11 8 7 4 6 12 14 21 19 22 25 24 23 27 26 30 
35 32 33 37 36 34 31 29 28 20 13 9 0 1 3 2 5 15 17 16 18 10 11 8 7 4 6 12 14 21 19 22 25 24 23 27 26 30 
35 32 33 37 36 34 31 29 28 20 13 9 0 1 3 2 5 15 17 16 18 10 11 8 7 4 6 12 14 21 19 22 25 24 23 27 26 30 
35 32 33 37 36 34 31 29 28 20 13 9 0 1 3 2 5 15 17 16 18 10 11 8 7 4 6 12 14 21 19 22 25 24 23 27 26 30 
35 32 33 37 36 34 31 29 28 20 13 9 0 1 3 2 5 15 17 16 18 10 11 8 7 4 6 12 14 21 19 22 25 24 23 27 26 30 
35 32 33 37 36 34 31 29 28 20 13 9 0 1 3 2 5 15 17 16 18 10 11 8 7 4 6 12 14 21 19 22 25 24 23 27 26 30 
35 32 33 37 36 34 31 29 28 20 13 9 0 1 3 2 5 15 17 16 18 10 11 8 7 4 6 12 14 21 19 22 25 24 23 27 26 30 
35 32 33 37 36 34 31 29 28 20 13 9 0 1 3 2 5 15 17 16 18 10 11 8 7 4 6 12 14 21 19 22 25 24 23 27 26 30 
35 32 33 37 36 34 31 29 28 20 13 9 0 1 3 2 5 15 17 16 18 10 11 8 7 4 6 12 14 21 19 22 25 24 23 27 26 30 
35 32 33 37 36 34 31 29 28 20 13 9 0 1 3 2 5 15 17 16 18 10 11 8 7 4 6 12 14 21 19 22 25 24 23 27 26 30 
35 32 33 37 36 34 31 29 28 20 13 9 0 1 3 2 5 15 17 16 18 10 11 8 7 4 6 12 14 21 19 22 25 24 23 27 26 30 
35 32 33 37 36 34 31 29 28 20 13 9 0 1 3 2 5 15 17 16 18 10 11 8 7 4 6 12 14 21 19 22 25 24 23 27 26 30 
35 32 33 37 36 34 31 29 28 20 13 9 0 1 3 2 5 15 17 16 18 10 11 8 7 4 6 12 14 21 19 22 25 24 23 27 26 30 
35 32 33 37 36 34 31 29 28 20 13 9 0 1 3 2 5 15 17 16 18 10 11 8 7 4 6 12 14 21 19 22 25 24 23 27 26 30 
35 32 33 37 36 34 31 29 28 20 13 9 0 1 3 2 5 15 17 16 18 10 11 8 7 4 6 12 14 21 19 22 25 24 23 27 26 30 
35 32 33 37 36 34 31 29 28 20 13 9 0 1 3 2 5 15 17 16 18 10 11 8 7 4 6 12 14 21 19 22 25 24 23 27 26 30 
35 32 33 37 36 34 31 29 28 20 13 9 0 1 3 2 5 15 17 16 18 10 11 8 7 4 6 12 14 21 19 22 25 24 23 27 26 30 
35 32 33 37 36 34 31 29 28 20 13 9 0 1 3 2 5 15 17 16 18 10 11 8 7 4 6 12 14 21 19 22 25 24 23 27 26 30 
35 32 33 37 36 34 31 29 28 20 13 9 0 1 3 2 5 15 17 16 18 10 11 8 7 4 6 12 14 21 19 22 25 24 23 27 26 30 
35 32 33 37 36 34 31 29 28 20 13 9 0 1 3 2 5 15 17 16 18 10 11 8 7 4 6 12 14 21 19 22 25 24 23 27 26 30 
35 32 33 37 36 34 31 29 28 20 13 9 0 1 3 2 5 15 17 16 18 10 11 8 7 4 6 12 14 21 19 22 25 24 23 27 26 30 
35 32 33 37 36 34 31 29 28 20 13 9 0 1 3 2 5 15 17 16 18 10 11 8 7 4 6 12 14 21 19 22 25 24 23 27 26 30 
35 32 33 37 36 34 31 29 28 20 13 9 0 1 3 2 5 15 17 16 18 10 11 8 7 4 6 12 14 21 19 22 25 24 23 27 26 30 
35 32 33 37 36 34 31 29 28 20 13 9 0 1 3 2 5 15 17 16 18 10 11 8 7 4 6 12 14 21 19 22 25 24 23 27 26 30 
35 32 33 37 36 34 31 29 28 20 13 9 0 1 3 2 5 15 17 16 18 10 11 8 7 4 6 12 14 21 19 22 25 24 23 27 26 30 
35 32 33 37 36 34 31 29 28 20 13 9 0 1 3 2 5 15 17 16 18 10 11 8 7 4 6 12 14 21 19 22 25 24 23 27 26 30 
35 32 33 37 36 34 31 29 28 20 13 9 0 1 3 2 5 15 17 16 18 10 11 8 7 4 6 12 14 21 19 22 25 24 23 27 26 30 
35 32 33 37 36 34 31 29 28 20 13 9 0 1 3 2 5 15 17 16 18 10 11 8 7 4 6 12 14 21 19 22 25 24 23 27 26 30 
35 32 33 37 36 34 31 29 28 20 13 9 0 1 3 2 5 15 17 16 18 10 11 8 7 4 6 12 14 21 19 22 25 24 23 27 26 30 
35 32 33 37 36 34 31 29 28 20 13 9 0 1 3 2 5 15 17 16 18 10 11 8 7 4 6 12 14 21 19 22 25 24 23 27 26 30 
35 32 33 37 36 34 31 29 28 20 13 9 0 1 3 2 5 15 17 16 18 10 11 8 7 4 6 12 14 21 19 22 25 24 23 27 26 30 
35 32 33 37 36 34 31 29 28 20 13 9 0 1 3 2 5 15 17 16 18 10 11 8 7 4 6 12 14 21 19 22 25 24 23 27 26 30 
35 32 33 37 36 34 31 29 28 20 13 9 0 1 3 2 5 15 17 16 18 10 11 8 7 4 6 12 14 21 19 22 25 24 23 27 26 30 
35 32 33 37 36 34 31 29 28 20 13 9 0 1 3 2 5 15 17 16 18 10 11 8 7 4 6 12 14 21 19 22 25 24 23 27 26 30 
35 32 33 37 36 34 31 29 28 20 13 9 0 1 3 2 5 15 17 16 18 10 11 8 7 4 6 12 14 21 19 22 25 24 23 27 26 30 
35 32 33 37 36 34 31 29 28 20 13 9 0 1 3 2 5 15 17 16 18 10 11 8 7 4 6 12 14 21 19 22 25 24 23 27 26 30 
35 32 33 37 36 34 31 29 28 20 13 9 0 1 3 2 5 15 17 16 18 10 11 8 7 4 6 12 14 21 19 22 25 24 23 27 26 30 
35 32 33 37 36 34 31 29 28 20 13 9 0 1 3 2 5 15 17 16 18 10 11 8 7 4 6 12 14 21 19 22 25 24 23 27 26 30 
35 32 33 37 36 34 31 29 28 20 13 9 0 1 3 2 5 15 17 16 18 10 11 8 7 4 6 12 14 21 19 22 25 24 23 27 26 30 
35 32 33 37 36 34 31 29 28 20 13 9 0 1 3 2 5 15 17 16 18 10 11 8 7 4 6 12 14 21 19 22 25 24 23 27 26 30 
35 32 33 37 36 34 31 29 28 20 13 9 0 1 3 2 5 15 17 16 18 10 11 8 7 4 6 12 14 21 19 22 25 24 23 27 26 30 
35 32 33 37 36 34 31 29 28 20 13 9 0 1 3 2 5 15 17 16 18 10 11 8 7 4 6 12 14 21 19 22 25 24 23 27 26 30 
35 32 33 37 36 34 31 29 28 20 13 9 0 1 3 2 5 15 17 16 18 10 11 8 7 4 6 12 14 21 19 22 25 24 23 27 26 30 
35 32 33 37 36 34 31 29 28 20 13 9 0 1 3 2 5 15 17 16 18 10 11 8 7 4 6 12 14 21 19 22 25 24 23 27 26 30 
35 32 33 37 36 34 31 29 28 20 13 9 0 1 3 2 5 15 17 16 18 10 11 8 7 4 6 12 14 21 19 22 25 24 23 27 26 30 
35 32 33 37 36 34 31 29 28 20 13 9 0 1 3 2 5 15 17 16 18 10 11 8 7 4 6 12 14 21 19 22 25 24 23 27 26 30 
35 32 33 37 36 34 31 29 28 20 13 9 0 1 3 2 5 15 17 16 18 10 11 8 7 4 6 12 14 21 19 22 25 24 23 27 26 30 
35 32 33 37 36 34 31 29 28 20 13 9 0 1 3 2 5 15 17 16 18 10 11 8 7 4 6 12 14 21 19 22 25 24 23 27 26 30 
35 32 33 37 36 34 31 29 28 20 13 9 0 1 3 2 5 15 17 16 18 10 11 8 7 4 6 12 14 21 19 22 25 24 23 27 26 30 
35 32 33 37 36 34 31 29 28 20 13 9 0 1 3 2 5 15 17 16 18 10 11 8 7 4 6 12 14 21 19 22 25 24 23 27 26 30 
35 32 33 37 36 34 31 29 28 20 13 9 0 1 3 2 5 15 17 16 18 10 11 8 7 4 6 12 14 21 19 22 25 24 23 27 26 30 
35 32 33 37 36 34 31 29 28 20 13 9 0 1 3 2 5 15 17 16 18 10 11 8 7 4 6 12 14 21 19 22 25 24 23 27 26 30 
35 32 33 37 36 34 31 29 28 20 13 9 0 1 3 2 5 15 17 16 18 10 11 8 7 4 6 12 14 21 19 22 25 24 23 27 26 30 
35 32 33 37 36 34 31 29 28 20 13 9 0 1 3 2 5 15 17 16 18 10 11 8 7 4 6 12 14 21 19 22 25 24 23 27 26 30 
35 32 33 37 36 34 31 29 28 20 13 9 0 1 3 2 5 15 17 16 18 10 11 8 7 4 6 12 14 21 19 22 25 24 23 27 26 30 
35 32 33 37 36 34 31 29 28 20 13 9 0 1 3 2 5 15 17 16 18 10 11 8 7 4 6 12 14 21 19 22 25 24 23 27 26 30 
35 32 33 37 36 34 31 29 28 20 13 9 0 1 3 2 5 15 17 16 18 10 11 8 7 4 6 12 14 21 19 22 25 24 23 27 26 30 
35 32 33 37 36 34 31 29 28 20 13 9 0 1 3 2 5 15 17 16 18 10 11 8 7 4 6 12 14 21 19 22 25 24 23 27 26 30 
35 32 33 37 36 34 31 29 28 20 13 9 0 1 3 2 5 15 17 16 18 10 11 8 7 4 6 12 14 21 19 22 25 24 23 27 26 30 
35 32 33 37 36 34 31 29 28 20 13 9 0 1 3 2 5 15 17 16 18 10 11 8 7 4 6 12 14 21 19 22 25 24 23 27 26 30 
35 32 33 37 36 34 31 29 28 20 13 9 0 1 3 2 5 15 17 16 18 10 11 8 7 4 6 12 14 21 19 22 25 24 23 27 26 30 
35 32 33 37 36 34 31 29 28 20 13 9 0 1 3 2 5 15 17 16 18 10 11 8 7 4 6 12 14 21 19 22 25 24 23 27 26 30 
35 32 33 37 36 34 31 29 28 20 13 9 0 1 3 2 5 15 17 16 18 10 11 8 7 4 6 12 14 21 19 22 25 24 23 27 26 30 
35 32 33 37 36 34 31 29 28 20 13 9 0 1 3 2 5 15 17 16 18 10 11 8 7 4 6 12 14 21 19 22 25 24 23 27 26 30 
35 32 33 37 36 34 31 29 28 20 13 9 0 1 3 2 5 15 17 16 18 10 11 8 7 4 6 12 14 21 19 22 25 24 23 27 26 30 
35 32 33 37 36 34 31 29 28 20 13 9 0 1 3 2 5 15 17 16 18 10 11 8 7 4 6 12 14 21 19 22 25 24 23 27 26 30 
35 32 33 37 36 34 31 29 28 20 13 9 0 1 3 2 5 15 17 16 18 10 11 8 7 4 6 12 14 21 19 22 25 24 23 27 26 30 
35 32 33 37 36 34 31 29 28 20 13 9 0 1 3 2 5 15 17 16 18 10 11 8 7 4 6 12 14 21 19 22 25 24 23 27 26 30 
35 32 33 37 36 34 31 29 28 20 13 9 0 1 3 2 5 15 17 16 18 10 11 8 7 4 6 12 14 21 19 22 25 24 23 27 26 30 
35 32 33 37 36 34 31 29 28 20 13 9 0 1 3 2 5 15 17 16 18 10 11 8 7 4 6 12 14 21 19 22 25 24 23 27 26 30 
35 32 33 37 36 34 31 29 28 20 13 9 0 1 3 2 5 15 17 16 18 10 11 8 7 4 6 12 14 21 19 22 25 24 23 27 26 30 
35 32 33 37 36 34 31 29 28 20 13 9 0 1 3 2 5 15 17 16 18 10 11 8 7 4 6 12 14 21 19 22 25 24 23 27 26 30 
35 32 33 37 36 34 31 29 28 20 13 9 0 1 3 2 5 15 17 16 18 10 11 8 7 4 6 12 14 21 19 22 25 24 23 27 26 30 
35 32 33 37 36 34 31 29 28 20 13 9 0 1 3 2 5 15 17 16 18 10 11 8 7 4 6 12 14 21 19 22 25 24 23 27 26 30 
35 32 33 37 36 34 31 29 28 20 13 9 0 1 3 2 5 15 17 16 18 10 11 8 7 4 6 12 14 21 19 22 25 24 23 27 26 30 
35 32 33 37 36 34 31 29 28 20 13 9 0 1 3 2 5 15 17 16 18 10 11 8 7 4 6 12 14 21 19 22 25 24 23 27 26 30 
35 32 33 37 36 34 31 29 28 20 13 9 0 1 3 2 5 15 17 16 18 10 11 8 7 4 6 12 14 21 19 22 25 24 23 27 26 30 
35 32 33 37 36 34 31 29 28 20 13 9 0 1 3 2 5 15 17 16 18 10 11 8 7 4 6 12 14 21 19 22 25 24 23 27 26 30 
35 32 33 37 36 34 31 29 28 20 13 9 0 1 3 2 5 15 17 16 18 10 11 8 7 4 6 12 14 21 19 22 25 24 23 27 26 30 
35 32 33 37 36 34 31 29 28 20 13 9 0 1 3 2 5 15 17 16 18 10 11 8 7 4 6 12 14 21 19 22 25 24 23 27 26 30 
35 32 33 37 36 34 31 29 28 20 13 9 0 1 3 2 5 15 17 16 18 10 11 8 7 4 6 12 14 21 19 22 25 24 23 27 26 30 
35 32 33 37 36 34 31 29 28 20 13 9 0 1 3 2 5 15 17 16 18 10 11 8 7 4 6 12 14 21 19 22 25 24 23 27 26 30 
35 32 33 37 36 34 31 29 28 20 13 9 0 1 3 2 5 15 17 16 18 10 11 8 7 4 6 12 14 21 19 22 25 24 23 27 26 30 
35 32 33 37 36 34 31 29 28 20 13 9 0 1 3 2 5 15 17 16 18 10 11 8 7 4 6 12 14 21 19 22 25 24 23 27 26 30 
35 32 33 37 36 34 31 29 28 20 13 9 0 1 3 2 5 15 17 16 18 10 11 8 7 4 6 12 14 21 19 22 25 24 23 27 26 30 
35 32 33 37 36 34 31 29 28 20 13 9 0 1 3 2 5 15 17 16 18 10 11 8 7 4 6 12 14 21 19 22 25 24 23 27 26 30 
35 32 33 37 36 34 31 29 28 20 13 9 0 1 3 2 5 15 17 16 18 10 11 8 7 4 6 12 14 21 19 22 25 24 23 27 26 30 
